sta4 year mo dy hr mi sec geodkm
B001 2004 1 25 15 12 29 367.79
B003 2004 1 25 15 12 29 296.98
B004 2004 1 25 15 12 29 271.42
B005 2004 1 25 15 12 29 341.16
B006 2004 1 25 15 12 29 341.36
B007 2004 1 25 15 12 29 341.18
B009 2004 1 25 15 12 29 327.92
B010 2004 1 25 15 12 29 327.88
B011 2004 1 25 15 12 29 328.12
B012 2004 1 25 15 12 29 171.93
B013 2004 1 25 15 12 29 392.28
B014 2004 1 25 15 12 29 346.66
B017 2004 1 25 15 12 29 394.77
B018 2004 1 25 15 12 29 429.03
B019 2004 1 25 15 12 29 413.34
B020 2004 1 25 15 12 29 423.42
B022 2004 1 25 15 12 29 454.43
B023 2004 1 25 15 12 29 486.46
B024 2004 1 25 15 12 29 485.62
B926 2004 1 25 15 12 29 275.81
B927 2004 1 25 15 12 29 224.59
B928 2004 1 25 15 12 29 202.71
B941 2004 1 25 15 12 29 480.01
B943 2004 1 25 15 12 29 392.23
B054 2004 3 17 23 53 14 216.89
B057 2004 3 17 23 53 14 246.67
B058 2004 3 17 23 53 14 88.61
B065 2004 3 17 23 53 14 80.90
B066 2004 3 17 23 53 14 95.04
B067 2004 3 17 23 53 14 84.61
B072 2004 3 17 23 53 14 94.08
B073 2004 3 17 23 53 14 80.65
B075 2004 3 17 23 53 14 77.07
B076 2004 3 17 23 53 14 84.87
B078 2004 3 17 23 53 14 93.88
B079 2004 3 17 23 53 14 109.67
B081 2004 3 17 23 53 14 495.37
B093 2004 3 17 23 53 14 498.66
B900 2004 3 17 23 53 14 127.98
B901 2004 3 17 23 53 14 116.00
B916 2004 3 17 23 53 14 331.93
B917 2004 3 17 23 53 14 376.82
B918 2004 3 17 23 53 14 338.10
B921 2004 3 17 23 53 14 354.66
B934 2004 3 17 23 53 14 470.34
B072 2004 6 15 22 28 52 436.32
B073 2004 6 15 22 28 52 453.23
B075 2004 6 15 22 28 52 453.69
B076 2004 6 15 22 28 52 450.35
B078 2004 6 15 22 28 52 436.96
B079 2004 6 15 22 28 52 418.89
B081 2004 6 15 22 28 52 179.90
B082 2004 6 15 22 28 52 177.87
B084 2004 6 15 22 28 52 188.16
B086 2004 6 15 22 28 52 179.04
B087 2004 6 15 22 28 52 169.50
B088 2004 6 15 22 28 52 159.48
B089 2004 6 15 22 28 52 178.00
B093 2004 6 15 22 28 52 166.98
B900 2004 6 15 22 28 52 406.91
B901 2004 6 15 22 28 52 413.47
B916 2004 6 15 22 28 52 415.62
B917 2004 6 15 22 28 52 331.64
B918 2004 6 15 22 28 52 387.59
B921 2004 6 15 22 28 52 350.34
B001 2004 7 12 16 45 4 433.24
B003 2004 7 12 16 45 4 420.27
B004 2004 7 12 16 45 4 433.97
B005 2004 7 12 16 45 4 427.88
B006 2004 7 12 16 45 4 427.84
B007 2004 7 12 16 45 4 427.65
B009 2004 7 12 16 45 4 492.46
B010 2004 7 12 16 45 4 492.62
B011 2004 7 12 16 45 4 492.60
B013 2004 7 12 16 45 4 414.29
B014 2004 7 12 16 45 4 363.81
B017 2004 7 12 16 45 4 312.93
B018 2004 7 12 16 45 4 325.69
B019 2004 7 12 16 45 4 274.53
B020 2004 7 12 16 45 4 241.64
B022 2004 7 12 16 45 4 194.54
B023 2004 7 12 16 45 4 239.08
B024 2004 7 12 16 45 4 164.19
B026 2004 7 12 16 45 4 133.64
B027 2004 7 12 16 45 4 142.18
B028 2004 7 12 16 45 4 141.98
B030 2004 7 12 16 45 4 160.38
B031 2004 7 12 16 45 4 128.31
B032 2004 7 12 16 45 4 128.29
B033 2004 7 12 16 45 4 170.74
B035 2004 7 12 16 45 4 227.23
B036 2004 7 12 16 45 4 227.06
B039 2004 7 12 16 45 4 363.45
B040 2004 7 12 16 45 4 331.79
B045 2004 7 12 16 45 4 432.91
B201 2004 7 12 16 45 4 294.11
B202 2004 7 12 16 45 4 296.05
B203 2004 7 12 16 45 4 279.53
B204 2004 7 12 16 45 4 285.70
B933 2004 7 12 16 45 4 474.51
B935 2004 7 12 16 45 4 434.41
B941 2004 7 12 16 45 4 356.14
B943 2004 7 12 16 45 4 414.30
B001 2004 7 15 12 6 54 337.13
B003 2004 7 15 12 6 54 273.03
B004 2004 7 15 12 6 54 246.77
B005 2004 7 15 12 6 54 312.46
B006 2004 7 15 12 6 54 312.66
B007 2004 7 15 12 6 54 312.52
B009 2004 7 15 12 6 54 287.19
B010 2004 7 15 12 6 54 287.12
B011 2004 7 15 12 6 54 287.36
B012 2004 7 15 12 6 54 134.86
B013 2004 7 15 12 6 54 364.33
B014 2004 7 15 12 6 54 330.71
B017 2004 7 15 12 6 54 384.84
B018 2004 7 15 12 6 54 414.78
B019 2004 7 15 12 6 54 409.03
B020 2004 7 15 12 6 54 424.30
B022 2004 7 15 12 6 54 460.70
B023 2004 7 15 12 6 54 483.39
B024 2004 7 15 12 6 54 494.06
B926 2004 7 15 12 6 54 233.91
B927 2004 7 15 12 6 54 174.35
B928 2004 7 15 12 6 54 165.76
B941 2004 7 15 12 6 54 460.04
B943 2004 7 15 12 6 54 364.29
B001 2004 7 19 8 1 52 344.81
B003 2004 7 19 8 1 52 282.21
B004 2004 7 19 8 1 52 256.03
B005 2004 7 19 8 1 52 320.62
B006 2004 7 19 8 1 52 320.81
B007 2004 7 19 8 1 52 320.68
B009 2004 7 19 8 1 52 293.10
B010 2004 7 19 8 1 52 293.03
B011 2004 7 19 8 1 52 293.27
B012 2004 7 19 8 1 52 143.41
B013 2004 7 19 8 1 52 372.37
B014 2004 7 19 8 1 52 340.74
B017 2004 7 19 8 1 52 395.43
B018 2004 7 19 8 1 52 424.73
B019 2004 7 19 8 1 52 420.19
B020 2004 7 19 8 1 52 435.94
B022 2004 7 19 8 1 52 472.73
B023 2004 7 19 8 1 52 494.50
B926 2004 7 19 8 1 52 239.96
B927 2004 7 19 8 1 52 178.92
B928 2004 7 19 8 1 52 173.73
B941 2004 7 19 8 1 52 469.04
B943 2004 7 19 8 1 52 372.33
B054 2004 9 18 23 2 21 308.93
B057 2004 9 18 23 2 21 340.11
B058 2004 9 18 23 2 21 289.50
B065 2004 9 18 23 2 21 284.36
B066 2004 9 18 23 2 21 287.36
B067 2004 9 18 23 2 21 290.17
B072 2004 9 18 23 2 21 284.15
B073 2004 9 18 23 2 21 279.46
B075 2004 9 18 23 2 21 283.28
B076 2004 9 18 23 2 21 277.75
B078 2004 9 18 23 2 21 283.52
B079 2004 9 18 23 2 21 289.20
B900 2004 9 18 23 2 21 284.22
B901 2004 9 18 23 2 21 289.17
B916 2004 9 18 23 2 21 222.45
B917 2004 9 18 23 2 21 318.68
B918 2004 9 18 23 2 21 250.89
B921 2004 9 18 23 2 21 291.42
B934 2004 9 18 23 2 21 478.15
B054 2004 9 18 23 43 44 308.05
B057 2004 9 18 23 43 44 339.24
B058 2004 9 18 23 43 44 288.72
B065 2004 9 18 23 43 44 283.59
B066 2004 9 18 23 43 44 286.57
B067 2004 9 18 23 43 44 289.40
B072 2004 9 18 23 43 44 283.69
B073 2004 9 18 23 43 44 278.96
B075 2004 9 18 23 43 44 282.77
B076 2004 9 18 23 43 44 277.26
B078 2004 9 18 23 43 44 283.06
B079 2004 9 18 23 43 44 288.79
B900 2004 9 18 23 43 44 283.86
B901 2004 9 18 23 43 44 288.77
B916 2004 9 18 23 43 44 222.82
B917 2004 9 18 23 43 44 319.04
B918 2004 9 18 23 43 44 251.23
B921 2004 9 18 23 43 44 291.76
B934 2004 9 18 23 43 44 477.36
B054 2004 9 28 17 15 31 261.26
B057 2004 9 28 17 15 31 295.25
B058 2004 9 28 17 15 31 135.51
B065 2004 9 28 17 15 31 124.58
B066 2004 9 28 17 15 31 140.86
B067 2004 9 28 17 15 31 131.84
B072 2004 9 28 17 15 31 23.68
B073 2004 9 28 17 15 31 14.28
B075 2004 9 28 17 15 31 12.82
B076 2004 9 28 17 15 31 16.36
B078 2004 9 28 17 15 31 23.36
B079 2004 9 28 17 15 31 39.73
B081 2004 9 28 17 15 31 427.00
B082 2004 9 28 17 15 31 443.22
B084 2004 9 28 17 15 31 452.79
B086 2004 9 28 17 15 31 450.74
B087 2004 9 28 17 15 31 449.59
B088 2004 9 28 17 15 31 456.62
B089 2004 9 28 17 15 31 443.10
B093 2004 9 28 17 15 31 431.13
B900 2004 9 28 17 15 31 56.34
B901 2004 9 28 17 15 31 45.76
B916 2004 9 28 17 15 31 260.62
B917 2004 9 28 17 15 31 302.90
B918 2004 9 28 17 15 31 265.24
B921 2004 9 28 17 15 31 280.82
B054 2004 9 29 17 10 8 253.97
B057 2004 9 29 17 10 8 288.23
B058 2004 9 29 17 10 8 129.24
B065 2004 9 29 17 10 8 118.20
B066 2004 9 29 17 10 8 134.42
B067 2004 9 29 17 10 8 125.66
B072 2004 9 29 17 10 8 28.53
B073 2004 9 29 17 10 8 15.16
B075 2004 9 29 17 10 8 15.00
B076 2004 9 29 17 10 8 17.53
B078 2004 9 29 17 10 8 28.03
B079 2004 9 29 17 10 8 45.37
B081 2004 9 29 17 10 8 432.00
B082 2004 9 29 17 10 8 448.28
B084 2004 9 29 17 10 8 457.71
B086 2004 9 29 17 10 8 455.80
B087 2004 9 29 17 10 8 454.80
B088 2004 9 29 17 10 8 462.01
B089 2004 9 29 17 10 8 448.16
B093 2004 9 29 17 10 8 436.35
B900 2004 9 29 17 10 8 60.91
B901 2004 9 29 17 10 8 51.23
B916 2004 9 29 17 10 8 259.61
B917 2004 9 29 17 10 8 304.60
B918 2004 9 29 17 10 8 265.20
B921 2004 9 29 17 10 8 281.99
B054 2004 9 29 22 54 57 412.25
B057 2004 9 29 22 54 57 448.76
B058 2004 9 29 22 54 57 299.36
B065 2004 9 29 22 54 57 288.07
B066 2004 9 29 22 54 57 303.50
B067 2004 9 29 22 54 57 296.27
B072 2004 9 29 22 54 57 153.94
B073 2004 9 29 22 54 57 168.85
B075 2004 9 29 22 54 57 171.90
B076 2004 9 29 22 54 57 164.62
B078 2004 9 29 22 54 57 154.18
B079 2004 9 29 22 54 57 138.45
B081 2004 9 29 22 54 57 264.18
B082 2004 9 29 22 54 57 280.76
B084 2004 9 29 22 54 57 288.80
B086 2004 9 29 22 54 57 288.19
B087 2004 9 29 22 54 57 288.66
B088 2004 9 29 22 54 57 297.65
B089 2004 9 29 22 54 57 280.62
B093 2004 9 29 22 54 57 270.62
B900 2004 9 29 22 54 57 119.93
B901 2004 9 29 22 54 57 132.18
B916 2004 9 29 22 54 57 130.03
B917 2004 9 29 22 54 57 134.20
B918 2004 9 29 22 54 57 118.25
B921 2004 9 29 22 54 57 117.27
B054 2004 9 30 18 54 32 250.60
B057 2004 9 30 18 54 32 284.82
B058 2004 9 30 18 54 32 125.77
B065 2004 9 30 18 54 32 114.74
B066 2004 9 30 18 54 32 130.96
B067 2004 9 30 18 54 32 122.19
B072 2004 9 30 18 54 32 31.69
B073 2004 9 30 18 54 32 17.37
B075 2004 9 30 18 54 32 16.85
B076 2004 9 30 18 54 32 20.13
B078 2004 9 30 18 54 32 31.19
B079 2004 9 30 18 54 32 48.71
B081 2004 9 30 18 54 32 435.48
B082 2004 9 30 18 54 32 451.76
B084 2004 9 30 18 54 32 461.19
B086 2004 9 30 18 54 32 459.29
B087 2004 9 30 18 54 32 458.29
B088 2004 9 30 18 54 32 465.50
B089 2004 9 30 18 54 32 451.64
B093 2004 9 30 18 54 32 439.84
B900 2004 9 30 18 54 32 64.33
B901 2004 9 30 18 54 32 54.62
B916 2004 9 30 18 54 32 262.09
B917 2004 9 30 18 54 32 307.70
B918 2004 9 30 18 54 32 267.93
B921 2004 9 30 18 54 32 284.99
B001 2004 11 2 9 30 47 454.95
B003 2004 11 2 9 30 47 383.25
B004 2004 11 2 9 30 47 358.06
B005 2004 11 2 9 30 47 428.11
B006 2004 11 2 9 30 47 428.31
B007 2004 11 2 9 30 47 428.12
B009 2004 11 2 9 30 47 415.97
B010 2004 11 2 9 30 47 415.93
B011 2004 11 2 9 30 47 416.17
B012 2004 11 2 9 30 47 260.03
B013 2004 11 2 9 30 47 478.79
B014 2004 11 2 9 30 47 430.02
B017 2004 11 2 9 30 47 475.02
B019 2004 11 2 9 30 47 490.48
B020 2004 11 2 9 30 47 497.34
B926 2004 11 2 9 30 47 363.83
B927 2004 11 2 9 30 47 311.14
B928 2004 11 2 9 30 47 290.86
B943 2004 11 2 9 30 47 478.75
B001 2004 11 2 10 2 16 459.27
B003 2004 11 2 10 2 16 387.70
B004 2004 11 2 10 2 16 362.47
B005 2004 11 2 10 2 16 432.46
B006 2004 11 2 10 2 16 432.67
B007 2004 11 2 10 2 16 432.48
B009 2004 11 2 10 2 16 419.93
B010 2004 11 2 10 2 16 419.89
B011 2004 11 2 10 2 16 420.13
B012 2004 11 2 10 2 16 263.96
B013 2004 11 2 10 2 16 483.19
B014 2004 11 2 10 2 16 434.67
B017 2004 11 2 10 2 16 479.80
B019 2004 11 2 10 2 16 495.33
B926 2004 11 2 10 2 16 367.71
B927 2004 11 2 10 2 16 314.64
B928 2004 11 2 10 2 16 294.84
B943 2004 11 2 10 2 16 483.15
B001 2004 11 2 14 3 42 473.34
B003 2004 11 2 14 3 42 400.73
B004 2004 11 2 14 3 42 375.97
B005 2004 11 2 14 3 42 446.24
B006 2004 11 2 14 3 42 446.44
B007 2004 11 2 14 3 42 446.24
B009 2004 11 2 14 3 42 436.73
B010 2004 11 2 14 3 42 436.69
B011 2004 11 2 14 3 42 436.93
B012 2004 11 2 14 3 42 281.38
B013 2004 11 2 14 3 42 496.40
B014 2004 11 2 14 3 42 445.14
B017 2004 11 2 14 3 42 488.14
B926 2004 11 2 14 3 42 385.09
B927 2004 11 2 14 3 42 334.10
B928 2004 11 2 14 3 42 311.82
B943 2004 11 2 14 3 42 496.35
B001 2004 11 2 17 23 44 450.67
B003 2004 11 2 17 23 44 380.01
B004 2004 11 2 17 23 44 354.47
B005 2004 11 2 17 23 44 424.13
B006 2004 11 2 17 23 44 424.33
B007 2004 11 2 17 23 44 424.15
B009 2004 11 2 17 23 44 409.24
B010 2004 11 2 17 23 44 409.19
B011 2004 11 2 17 23 44 409.43
B012 2004 11 2 17 23 44 253.04
B013 2004 11 2 17 23 44 475.24
B014 2004 11 2 17 23 44 428.86
B017 2004 11 2 17 23 44 475.52
B019 2004 11 2 17 23 44 492.35
B926 2004 11 2 17 23 44 356.62
B927 2004 11 2 17 23 44 301.91
B928 2004 11 2 17 23 44 284.21
B943 2004 11 2 17 23 44 475.19
B022 2004 12 22 20 47 27 465.80
B024 2004 12 22 20 47 27 440.26
B026 2004 12 22 20 47 27 413.15
B027 2004 12 22 20 47 27 403.04
B028 2004 12 22 20 47 27 402.70
B030 2004 12 22 20 47 27 387.41
B031 2004 12 22 20 47 27 327.67
B032 2004 12 22 20 47 27 328.06
B033 2004 12 22 20 47 27 334.11
B035 2004 12 22 20 47 27 300.13
B036 2004 12 22 20 47 27 300.27
B039 2004 12 22 20 47 27 390.72
B040 2004 12 22 20 47 27 386.18
B045 2004 12 22 20 47 27 334.33
B933 2004 12 22 20 47 27 365.01
B934 2004 12 22 20 47 27 398.64
B935 2004 12 22 20 47 27 358.97
B001 2005 2 28 12 49 26 454.86
B003 2005 2 28 12 49 26 379.73
B004 2005 2 28 12 49 26 358.21
B005 2005 2 28 12 49 26 427.14
B006 2005 2 28 12 49 26 427.33
B007 2005 2 28 12 49 26 427.09
B009 2005 2 28 12 49 26 433.15
B010 2005 2 28 12 49 26 433.15
B011 2005 2 28 12 49 26 433.38
B012 2005 2 28 12 49 26 288.88
B013 2005 2 28 12 49 26 473.21
B014 2005 2 28 12 49 26 411.10
B017 2005 2 28 12 49 26 444.02
B018 2005 2 28 12 49 26 483.49
B019 2005 2 28 12 49 26 450.46
B020 2005 2 28 12 49 26 449.57
B022 2005 2 28 12 49 26 467.17
B024 2005 2 28 12 49 26 491.61
B926 2005 2 28 12 49 26 386.47
B927 2005 2 28 12 49 26 349.60
B928 2005 2 28 12 49 26 314.87
B943 2005 2 28 12 49 26 473.17
B001 2005 2 28 13 50 26 450.44
B003 2005 2 28 13 50 26 375.30
B004 2005 2 28 13 50 26 353.84
B005 2005 2 28 13 50 26 422.72
B006 2005 2 28 13 50 26 422.90
B007 2005 2 28 13 50 26 422.66
B009 2005 2 28 13 50 26 428.97
B010 2005 2 28 13 50 26 428.97
B011 2005 2 28 13 50 26 429.20
B012 2005 2 28 13 50 26 285.10
B013 2005 2 28 13 50 26 468.72
B014 2005 2 28 13 50 26 406.54
B017 2005 2 28 13 50 26 439.42
B018 2005 2 28 13 50 26 478.90
B019 2005 2 28 13 50 26 445.87
B020 2005 2 28 13 50 26 445.02
B022 2005 2 28 13 50 26 462.72
B024 2005 2 28 13 50 26 487.22
B926 2005 2 28 13 50 26 382.42
B927 2005 2 28 13 50 26 345.92
B928 2005 2 28 13 50 26 310.93
B943 2005 2 28 13 50 26 468.68
B001 2005 3 1 0 32 27 446.55
B003 2005 3 1 0 32 27 371.44
B004 2005 3 1 0 32 27 349.71
B005 2005 3 1 0 32 27 418.83
B006 2005 3 1 0 32 27 419.02
B007 2005 3 1 0 32 27 418.78
B009 2005 3 1 0 32 27 424.11
B010 2005 3 1 0 32 27 424.12
B011 2005 3 1 0 32 27 424.34
B012 2005 3 1 0 32 27 279.30
B013 2005 3 1 0 32 27 465.19
B014 2005 3 1 0 32 27 403.70
B017 2005 3 1 0 32 27 437.45
B018 2005 3 1 0 32 27 476.75
B019 2005 3 1 0 32 27 444.54
B020 2005 3 1 0 32 27 444.26
B022 2005 3 1 0 32 27 462.71
B024 2005 3 1 0 32 27 487.62
B926 2005 3 1 0 32 27 377.20
B927 2005 3 1 0 32 27 339.91
B928 2005 3 1 0 32 27 305.45
B943 2005 3 1 0 32 27 465.15
B001 2005 3 1 21 34 30 455.64
B003 2005 3 1 21 34 30 380.51
B004 2005 3 1 21 34 30 359.03
B005 2005 3 1 21 34 30 427.92
B006 2005 3 1 21 34 30 428.11
B007 2005 3 1 21 34 30 427.87
B009 2005 3 1 21 34 30 434.08
B010 2005 3 1 21 34 30 434.09
B011 2005 3 1 21 34 30 434.31
B012 2005 3 1 21 34 30 289.97
B013 2005 3 1 21 34 30 473.93
B014 2005 3 1 21 34 30 411.71
B017 2005 3 1 21 34 30 444.48
B018 2005 3 1 21 34 30 483.99
B019 2005 3 1 21 34 30 450.81
B020 2005 3 1 21 34 30 449.82
B022 2005 3 1 21 34 30 467.30
B024 2005 3 1 21 34 30 491.66
B926 2005 3 1 21 34 30 387.47
B927 2005 3 1 21 34 30 350.71
B928 2005 3 1 21 34 30 315.91
B943 2005 3 1 21 34 30 473.89
B020 2005 3 7 2 34 35 489.13
B022 2005 3 7 2 34 35 444.88
B023 2005 3 7 2 34 35 496.72
B024 2005 3 7 2 34 35 418.75
B026 2005 3 7 2 34 35 391.09
B027 2005 3 7 2 34 35 379.34
B028 2005 3 7 2 34 35 378.99
B030 2005 3 7 2 34 35 363.61
B031 2005 3 7 2 34 35 303.97
B032 2005 3 7 2 34 35 304.35
B033 2005 3 7 2 34 35 310.92
B035 2005 3 7 2 34 35 279.27
B036 2005 3 7 2 34 35 279.40
B039 2005 3 7 2 34 35 374.16
B040 2005 3 7 2 34 35 367.89
B045 2005 3 7 2 34 35 327.20
B933 2005 3 7 2 34 35 359.68
B934 2005 3 7 2 34 35 393.18
B935 2005 3 7 2 34 35 350.04
B020 2005 3 7 2 48 22 491.47
B022 2005 3 7 2 48 22 447.21
B023 2005 3 7 2 48 22 499.01
B024 2005 3 7 2 48 22 421.06
B026 2005 3 7 2 48 22 393.36
B027 2005 3 7 2 48 22 381.32
B028 2005 3 7 2 48 22 380.98
B030 2005 3 7 2 48 22 365.37
B031 2005 3 7 2 48 22 305.68
B032 2005 3 7 2 48 22 306.06
B033 2005 3 7 2 48 22 312.36
B035 2005 3 7 2 48 22 280.13
B036 2005 3 7 2 48 22 280.26
B039 2005 3 7 2 48 22 374.32
B040 2005 3 7 2 48 22 368.30
B045 2005 3 7 2 48 22 326.26
B933 2005 3 7 2 48 22 358.57
B934 2005 3 7 2 48 22 392.09
B935 2005 3 7 2 48 22 349.28
B027 2005 3 18 7 24 2 480.71
B028 2005 3 18 7 24 2 480.27
B030 2005 3 18 7 24 2 432.28
B031 2005 3 18 7 24 2 382.32
B032 2005 3 18 7 24 2 382.69
B033 2005 3 18 7 24 2 352.07
B035 2005 3 18 7 24 2 264.64
B036 2005 3 18 7 24 2 264.93
B039 2005 3 18 7 24 2 233.18
B040 2005 3 18 7 24 2 259.79
B045 2005 3 18 7 24 2 76.40
B054 2005 3 18 7 24 2 363.87
B057 2005 3 18 7 24 2 329.72
B058 2005 3 18 7 24 2 490.71
B066 2005 3 18 7 24 2 484.86
B067 2005 3 18 7 24 2 494.63
B933 2005 3 18 7 24 2 87.35
B934 2005 3 18 7 24 2 119.00
B935 2005 3 18 7 24 2 111.59
B054 2005 4 16 19 18 22 414.31
B057 2005 4 16 19 18 22 449.63
B058 2005 4 16 19 18 22 292.35
B065 2005 4 16 19 18 22 281.18
B066 2005 4 16 19 18 22 297.39
B067 2005 4 16 19 18 22 288.80
B072 2005 4 16 19 18 22 138.59
B073 2005 4 16 19 18 22 155.55
B075 2005 4 16 19 18 22 157.32
B076 2005 4 16 19 18 22 151.86
B078 2005 4 16 19 18 22 139.08
B079 2005 4 16 19 18 22 120.84
B081 2005 4 16 19 18 22 269.98
B082 2005 4 16 19 18 22 286.03
B084 2005 4 16 19 18 22 295.96
B086 2005 4 16 19 18 22 293.55
B087 2005 4 16 19 18 22 292.10
B088 2005 4 16 19 18 22 298.92
B089 2005 4 16 19 18 22 285.91
B093 2005 4 16 19 18 22 273.64
B900 2005 4 16 19 18 22 104.98
B901 2005 4 16 19 18 22 114.58
B916 2005 4 16 19 18 22 188.47
B917 2005 4 16 19 18 22 179.74
B918 2005 4 16 19 18 22 175.29
B921 2005 4 16 19 18 22 168.30
B072 2005 6 12 15 41 51 421.43
B073 2005 6 12 15 41 51 438.11
B075 2005 6 12 15 41 51 440.25
B076 2005 6 12 15 41 51 434.20
B078 2005 6 12 15 41 51 421.86
B079 2005 6 12 15 41 51 403.87
B081 2005 6 12 15 41 51 21.27
B082 2005 6 12 15 41 51 15.78
B084 2005 6 12 15 41 51 19.77
B086 2005 6 12 15 41 51 18.21
B087 2005 6 12 15 41 51 21.28
B088 2005 6 12 15 41 51 32.31
B089 2005 6 12 15 41 51 15.73
B093 2005 6 12 15 41 51 22.54
B900 2005 6 12 15 41 51 386.91
B901 2005 6 12 15 41 51 397.48
B916 2005 6 12 15 41 51 300.98
B917 2005 6 12 15 41 51 204.93
B918 2005 6 12 15 41 51 272.14
B921 2005 6 12 15 41 51 231.52
B027 2005 6 15 2 51 5 466.66
B028 2005 6 15 2 51 5 466.25
B030 2005 6 15 2 51 5 433.20
B031 2005 6 15 2 51 5 374.08
B032 2005 6 15 2 51 5 374.49
B033 2005 6 15 2 51 5 361.34
B035 2005 6 15 2 51 5 293.88
B036 2005 6 15 2 51 5 294.13
B039 2005 6 15 2 51 5 331.54
B040 2005 6 15 2 51 5 342.50
B045 2005 6 15 2 51 5 219.95
B057 2005 6 15 2 51 5 478.87
B933 2005 6 15 2 51 5 240.65
B934 2005 6 15 2 51 5 273.30
B935 2005 6 15 2 51 5 251.96
B072 2005 6 16 20 53 30 362.01
B073 2005 6 16 20 53 30 378.46
B075 2005 6 16 20 53 30 380.79
B076 2005 6 16 20 53 30 374.47
B078 2005 6 16 20 53 30 362.41
B079 2005 6 16 20 53 30 344.67
B081 2005 6 16 20 53 30 50.93
B082 2005 6 16 20 53 30 66.91
B084 2005 6 16 20 53 30 73.64
B086 2005 6 16 20 53 30 73.93
B087 2005 6 16 20 53 30 76.14
B088 2005 6 16 20 53 30 87.35
B089 2005 6 16 20 53 30 66.75
B093 2005 6 16 20 53 30 60.32
B900 2005 6 16 20 53 30 327.29
B901 2005 6 16 20 53 30 338.24
B916 2005 6 16 20 53 30 241.50
B917 2005 6 16 20 53 30 146.67
B918 2005 6 16 20 53 30 212.45
B921 2005 6 16 20 53 30 171.86
B030 2005 6 17 6 21 45 494.45
B031 2005 6 17 6 21 45 435.74
B032 2005 6 17 6 21 45 436.16
B033 2005 6 17 6 21 45 421.03
B035 2005 6 17 6 21 45 349.36
B036 2005 6 17 6 21 45 349.62
B039 2005 6 17 6 21 45 370.81
B040 2005 6 17 6 21 45 386.89
B045 2005 6 17 6 21 45 235.46
B054 2005 6 17 6 21 45 499.62
B057 2005 6 17 6 21 45 463.09
B933 2005 6 17 6 21 45 245.92
B934 2005 6 17 6 21 45 275.76
B935 2005 6 17 6 21 45 270.66
B031 2005 6 19 9 27 21 449.88
B032 2005 6 19 9 27 21 450.30
B033 2005 6 19 9 27 21 433.45
B035 2005 6 19 9 27 21 359.30
B036 2005 6 19 9 27 21 359.56
B039 2005 6 19 9 27 21 373.04
B040 2005 6 19 9 27 21 391.19
B045 2005 6 19 9 27 21 230.44
B054 2005 6 19 9 27 21 483.88
B057 2005 6 19 9 27 21 447.18
B933 2005 6 19 9 27 21 237.40
B934 2005 6 19 9 27 21 265.98
B935 2005 6 19 9 27 21 266.21
B081 2005 8 31 22 50 23 132.93
B082 2005 8 31 22 50 23 116.55
B084 2005 8 31 22 50 23 108.09
B086 2005 8 31 22 50 23 109.09
B087 2005 8 31 22 50 23 110.07
B088 2005 8 31 22 50 23 104.43
B089 2005 8 31 22 50 23 116.68
B093 2005 8 31 22 50 23 128.46
B916 2005 8 31 22 50 23 407.38
B917 2005 8 31 22 50 23 311.46
B918 2005 8 31 22 50 23 379.42
B921 2005 8 31 22 50 23 339.51
B081 2005 9 2 1 27 24 123.80
B082 2005 9 2 1 27 24 108.83
B084 2005 9 2 1 27 24 97.65
B086 2005 9 2 1 27 24 101.63
B087 2005 9 2 1 27 24 105.71
B088 2005 9 2 1 27 24 104.52
B089 2005 9 2 1 27 24 108.91
B093 2005 9 2 1 27 24 123.13
B900 2005 9 2 1 27 24 493.35
B916 2005 9 2 1 27 24 382.93
B917 2005 9 2 1 27 24 288.08
B918 2005 9 2 1 27 24 355.63
B921 2005 9 2 1 27 24 316.50
B001 2005 11 19 12 40 6 429.53
B003 2005 11 19 12 40 6 355.16
B004 2005 11 19 12 40 6 331.76
B005 2005 11 19 12 40 6 401.94
B006 2005 11 19 12 40 6 402.14
B007 2005 11 19 12 40 6 401.92
B009 2005 11 19 12 40 6 400.46
B010 2005 11 19 12 40 6 400.44
B011 2005 11 19 12 40 6 400.68
B012 2005 11 19 12 40 6 249.86
B013 2005 11 19 12 40 6 450.43
B014 2005 11 19 12 40 6 393.95
B017 2005 11 19 12 40 6 433.08
B018 2005 11 19 12 40 6 471.02
B019 2005 11 19 12 40 6 444.21
B020 2005 11 19 12 40 6 447.46
B022 2005 11 19 12 40 6 470.33
B024 2005 11 19 12 40 6 497.57
B926 2005 11 19 12 40 6 351.19
B927 2005 11 19 12 40 6 308.19
B928 2005 11 19 12 40 6 278.09
B943 2005 11 19 12 40 6 450.39
B019 2006 1 11 10 2 35 472.93
B020 2006 1 11 10 2 35 440.60
B022 2006 1 11 10 2 35 401.24
B023 2006 1 11 10 2 35 461.31
B024 2006 1 11 10 2 35 381.48
B026 2006 1 11 10 2 35 360.75
B027 2006 1 11 10 2 35 379.86
B028 2006 1 11 10 2 35 379.60
B030 2006 1 11 10 2 35 380.72
B031 2006 1 11 10 2 35 326.77
B032 2006 1 11 10 2 35 327.07
B033 2006 1 11 10 2 35 347.62
B035 2006 1 11 10 2 35 341.29
B036 2006 1 11 10 2 35 341.35
B039 2006 1 11 10 2 35 454.86
B040 2006 1 11 10 2 35 441.79
B045 2006 1 11 10 2 35 428.10
B933 2006 1 11 10 2 35 462.08
B934 2006 1 11 10 2 35 495.40
B935 2006 1 11 10 2 35 448.64
B030 2006 3 22 5 42 2 478.89
B031 2006 3 22 5 42 2 420.09
B032 2006 3 22 5 42 2 420.51
B033 2006 3 22 5 42 2 405.64
B035 2006 3 22 5 42 2 334.58
B036 2006 3 22 5 42 2 334.84
B039 2006 3 22 5 42 2 359.20
B040 2006 3 22 5 42 2 374.27
B045 2006 3 22 5 42 2 228.42
B057 2006 3 22 5 42 2 464.76
B933 2006 3 22 5 42 2 241.37
B934 2006 3 22 5 42 2 272.10
B935 2006 3 22 5 42 2 263.13
B022 2006 3 25 3 16 7 496.72
B024 2006 3 25 3 16 7 467.19
B026 2006 3 25 3 16 7 435.90
B027 2006 3 25 3 16 7 402.38
B028 2006 3 25 3 16 7 401.99
B030 2006 3 25 3 16 7 374.16
B031 2006 3 25 3 16 7 313.89
B032 2006 3 25 3 16 7 314.31
B033 2006 3 25 3 16 7 307.78
B035 2006 3 25 3 16 7 252.88
B036 2006 3 25 3 16 7 253.08
B039 2006 3 25 3 16 7 320.27
B040 2006 3 25 3 16 7 322.29
B045 2006 3 25 3 16 7 247.23
B933 2006 3 25 3 16 7 277.09
B934 2006 3 25 3 16 7 310.69
B935 2006 3 25 3 16 7 273.23
B024 2006 3 25 20 14 5 476.31
B026 2006 3 25 20 14 5 444.85
B027 2006 3 25 20 14 5 409.94
B028 2006 3 25 20 14 5 409.54
B030 2006 3 25 20 14 5 380.76
B031 2006 3 25 20 14 5 320.63
B032 2006 3 25 20 14 5 321.04
B033 2006 3 25 20 14 5 313.35
B035 2006 3 25 20 14 5 256.22
B036 2006 3 25 20 14 5 256.44
B039 2006 3 25 20 14 5 319.44
B040 2006 3 25 20 14 5 322.71
B045 2006 3 25 20 14 5 241.28
B933 2006 3 25 20 14 5 270.27
B934 2006 3 25 20 14 5 303.85
B935 2006 3 25 20 14 5 268.08
B033 2006 5 12 10 37 32 498.90
B035 2006 5 12 10 37 32 413.46
B036 2006 5 12 10 37 32 413.70
B039 2006 5 12 10 37 32 297.76
B040 2006 5 12 10 37 32 338.44
B045 2006 5 12 10 37 32 206.82
B054 2006 5 12 10 37 32 119.52
B057 2006 5 12 10 37 32 90.24
B058 2006 5 12 10 37 32 248.68
B065 2006 5 12 10 37 32 258.53
B066 2006 5 12 10 37 32 242.48
B067 2006 5 12 10 37 32 252.71
B072 2006 5 12 10 37 32 397.07
B073 2006 5 12 10 37 32 380.12
B075 2006 5 12 10 37 32 379.64
B076 2006 5 12 10 37 32 383.06
B078 2006 5 12 10 37 32 396.44
B079 2006 5 12 10 37 32 414.65
B900 2006 5 12 10 37 32 427.71
B901 2006 5 12 10 37 32 420.24
B933 2006 5 12 10 37 32 170.24
B934 2006 5 12 10 37 32 137.35
B935 2006 5 12 10 37 32 196.76
B081 2006 5 24 4 20 30 195.54
B082 2006 5 24 4 20 30 178.96
B084 2006 5 24 4 20 30 171.39
B086 2006 5 24 4 20 30 171.56
B087 2006 5 24 4 20 30 171.39
B088 2006 5 24 4 20 30 163.84
B089 2006 5 24 4 20 30 179.11
B093 2006 5 24 4 20 30 189.71
B916 2006 5 24 4 20 30 471.40
B917 2006 5 24 4 20 30 375.63
B918 2006 5 24 4 20 30 443.56
B921 2006 5 24 4 20 30 403.75
B020 2006 5 27 21 50 49 470.16
B022 2006 5 27 21 50 49 436.26
B024 2006 5 27 21 50 49 422.21
B026 2006 5 27 21 50 49 407.30
B027 2006 5 27 21 50 49 443.71
B028 2006 5 27 21 50 49 443.50
B030 2006 5 27 21 50 49 451.80
B031 2006 5 27 21 50 49 401.08
B032 2006 5 27 21 50 49 401.36
B033 2006 5 27 21 50 49 425.75
B035 2006 5 27 21 50 49 424.36
B036 2006 5 27 21 50 49 424.41
B020 2006 8 31 15 22 20 479.25
B022 2006 8 31 15 22 20 448.02
B024 2006 8 31 15 22 20 436.57
B026 2006 8 31 15 22 20 424.30
B027 2006 8 31 15 22 20 467.99
B028 2006 8 31 15 22 20 467.80
B030 2006 8 31 15 22 20 479.38
B031 2006 8 31 15 22 20 430.42
B032 2006 8 31 15 22 20 430.69
B033 2006 8 31 15 22 20 456.97
B035 2006 8 31 15 22 20 458.74
B036 2006 8 31 15 22 20 458.78
B030 2006 10 17 20 53 18 485.81
B031 2006 10 17 20 53 18 428.73
B032 2006 10 17 20 53 18 429.14
B033 2006 10 17 20 53 18 409.51
B035 2006 10 17 20 53 18 332.18
B036 2006 10 17 20 53 18 332.45
B039 2006 10 17 20 53 18 339.16
B040 2006 10 17 20 53 18 358.57
B045 2006 10 17 20 53 18 194.76
B054 2006 10 17 20 53 18 455.96
B057 2006 10 17 20 53 18 419.54
B933 2006 10 17 20 53 18 202.55
B934 2006 10 17 20 53 18 231.81
B935 2006 10 17 20 53 18 230.54
B022 2007 1 31 15 24 50 462.08
B024 2007 1 31 15 24 50 436.58
B026 2007 1 31 15 24 50 409.53
B027 2007 1 31 15 24 50 399.77
B028 2007 1 31 15 24 50 399.43
B030 2007 1 31 15 24 50 384.44
B031 2007 1 31 15 24 50 324.82
B032 2007 1 31 15 24 50 325.20
B033 2007 1 31 15 24 50 331.60
B035 2007 1 31 15 24 50 298.43
B036 2007 1 31 15 24 50 298.58
B039 2007 1 31 15 24 50 389.99
B040 2007 1 31 15 24 50 385.07
B045 2007 1 31 15 24 50 335.29
B933 2007 1 31 15 24 50 366.23
B934 2007 1 31 15 24 50 399.82
B935 2007 1 31 15 24 50 359.63
B020 2007 1 31 15 38 36 484.22
B022 2007 1 31 15 38 36 440.45
B023 2007 1 31 15 38 36 493.45
B024 2007 1 31 15 38 36 415.01
B026 2007 1 31 15 38 36 388.09
B027 2007 1 31 15 38 36 380.09
B028 2007 1 31 15 38 36 379.76
B030 2007 1 31 15 38 36 366.37
B031 2007 1 31 15 38 36 307.12
B032 2007 1 31 15 38 36 307.50
B033 2007 1 31 15 38 36 315.90
B035 2007 1 31 15 38 36 287.38
B036 2007 1 31 15 38 36 287.51
B039 2007 1 31 15 38 36 384.90
B040 2007 1 31 15 38 36 377.80
B045 2007 1 31 15 38 36 339.98
B933 2007 1 31 15 38 36 372.54
B934 2007 1 31 15 38 36 406.05
B935 2007 1 31 15 38 36 362.65
B019 2007 2 11 15 34 49 489.05
B020 2007 2 11 15 34 49 457.13
B022 2007 2 11 15 34 49 419.07
B023 2007 2 11 15 34 49 480.38
B024 2007 2 11 15 34 49 400.67
B026 2007 2 11 15 34 49 381.30
B027 2007 2 11 15 34 49 404.08
B028 2007 2 11 15 34 49 403.83
B030 2007 2 11 15 34 49 406.06
B031 2007 2 11 15 34 49 352.48
B032 2007 2 11 15 34 49 352.78
B033 2007 2 11 15 34 49 373.55
B035 2007 2 11 15 34 49 366.51
B036 2007 2 11 15 34 49 366.57
B039 2007 2 11 15 34 49 478.41
B040 2007 2 11 15 34 49 466.17
B045 2007 2 11 15 34 49 446.06
B933 2007 2 11 15 34 49 478.98
B935 2007 2 11 15 34 49 467.79
B019 2007 2 14 22 12 60 478.82
B020 2007 2 14 22 12 60 446.81
B022 2007 2 14 22 12 60 408.60
B023 2007 2 14 22 12 60 469.94
B024 2007 2 14 22 12 60 390.12
B026 2007 2 14 22 12 60 370.72
B027 2007 2 14 22 12 60 394.12
B028 2007 2 14 22 12 60 393.87
B030 2007 2 14 22 12 60 396.74
B031 2007 2 14 22 12 60 343.46
B032 2007 2 14 22 12 60 343.77
B033 2007 2 14 22 12 60 365.29
B035 2007 2 14 22 12 60 360.08
B036 2007 2 14 22 12 60 360.14
B039 2007 2 14 22 12 60 473.80
B040 2007 2 14 22 12 60 460.79
B045 2007 2 14 22 12 60 445.12
B933 2007 2 14 22 12 60 478.65
B935 2007 2 14 22 12 60 466.20
B027 2007 2 26 12 20 0 457.71
B028 2007 2 26 12 20 0 457.27
B030 2007 2 26 12 20 0 410.25
B031 2007 2 26 12 20 0 359.19
B032 2007 2 26 12 20 0 359.57
B033 2007 2 26 12 20 0 330.19
B035 2007 2 26 12 20 0 243.74
B036 2007 2 26 12 20 0 244.03
B039 2007 2 26 12 20 0 223.66
B040 2007 2 26 12 20 0 247.23
B045 2007 2 26 12 20 0 81.01
B054 2007 2 26 12 20 0 385.65
B057 2007 2 26 12 20 0 352.00
B933 2007 2 26 12 20 0 102.46
B934 2007 2 26 12 20 0 135.66
B935 2007 2 26 12 20 0 114.70
B019 2007 4 29 0 49 6 474.99
B020 2007 4 29 0 49 6 442.30
B022 2007 4 29 0 49 6 401.57
B023 2007 4 29 0 49 6 459.96
B024 2007 4 29 0 49 6 380.18
B026 2007 4 29 0 49 6 357.72
B027 2007 4 29 0 49 6 370.51
B028 2007 4 29 0 49 6 370.24
B030 2007 4 29 0 49 6 368.34
B031 2007 4 29 0 49 6 313.06
B032 2007 4 29 0 49 6 313.39
B033 2007 4 29 0 49 6 331.87
B035 2007 4 29 0 49 6 322.14
B036 2007 4 29 0 49 6 322.21
B039 2007 4 29 0 49 6 434.08
B040 2007 4 29 0 49 6 421.63
B045 2007 4 29 0 49 6 406.53
B933 2007 4 29 0 49 6 440.68
B934 2007 4 29 0 49 6 473.98
B935 2007 4 29 0 49 6 426.97
B027 2007 5 9 7 50 9 491.08
B028 2007 5 9 7 50 9 490.65
B030 2007 5 9 7 50 9 443.38
B031 2007 5 9 7 50 9 392.63
B032 2007 5 9 7 50 9 393.00
B033 2007 5 9 7 50 9 363.27
B035 2007 5 9 7 50 9 276.35
B036 2007 5 9 7 50 9 276.64
B039 2007 5 9 7 50 9 247.29
B040 2007 5 9 7 50 9 273.72
B045 2007 5 9 7 50 9 88.73
B054 2007 5 9 7 50 9 367.18
B057 2007 5 9 7 50 9 332.46
B058 2007 5 9 7 50 9 493.16
B066 2007 5 9 7 50 9 487.39
B067 2007 5 9 7 50 9 497.05
B933 2007 5 9 7 50 9 95.83
B934 2007 5 9 7 50 9 126.54
B935 2007 5 9 7 50 9 124.38
B026 2007 6 25 2 32 29 477.09
B027 2007 6 25 2 32 29 410.27
B028 2007 6 25 2 32 29 409.84
B030 2007 6 25 2 32 29 364.52
B031 2007 6 25 2 32 29 312.03
B032 2007 6 25 2 32 29 312.40
B033 2007 6 25 2 32 29 285.24
B035 2007 6 25 2 32 29 201.60
B036 2007 6 25 2 32 29 201.88
B039 2007 6 25 2 32 29 205.40
B040 2007 6 25 2 32 29 221.83
B045 2007 6 25 2 32 29 105.00
B054 2007 6 25 2 32 29 424.71
B057 2007 6 25 2 32 29 392.41
B933 2007 6 25 2 32 29 138.21
B934 2007 6 25 2 32 29 170.98
B935 2007 6 25 2 32 29 130.09
B026 2007 7 27 1 37 48 493.62
B026 2007 7 27 1 45 28 498.61
B022 2007 7 27 23 22 51 499.38
B024 2007 7 27 23 22 51 494.00
B026 2007 7 27 23 22 51 487.72
B019 2007 10 10 0 15 15 496.60
B020 2007 10 10 0 15 15 465.22
B022 2007 10 10 0 15 15 428.86
B023 2007 10 10 0 15 15 491.71
B024 2007 10 10 0 15 15 412.28
B026 2007 10 10 0 15 15 394.76
B027 2007 10 10 0 15 15 423.30
B028 2007 10 10 0 15 15 423.06
B030 2007 10 10 0 15 15 427.75
B031 2007 10 10 0 15 15 375.22
B032 2007 10 10 0 15 15 375.51
B033 2007 10 10 0 15 15 397.69
B035 2007 10 10 0 15 15 392.57
B036 2007 10 10 0 15 15 392.63
B040 2007 10 10 0 15 15 492.68
B045 2007 10 10 0 15 15 471.16
B935 2007 10 10 0 15 15 493.39
B039 2007 10 31 3 4 59 458.53
B040 2007 10 31 3 4 59 497.89
B045 2007 10 31 3 4 59 390.64
B054 2007 10 31 3 4 59 67.29
B057 2007 10 31 3 4 59 101.45
B058 2007 10 31 3 4 59 67.15
B065 2007 10 31 3 4 59 75.97
B066 2007 10 31 3 4 59 60.83
B067 2007 10 31 3 4 59 71.12
B072 2007 10 31 3 4 59 213.90
B073 2007 10 31 3 4 59 196.85
B075 2007 10 31 3 4 59 196.16
B076 2007 10 31 3 4 59 199.97
B078 2007 10 31 3 4 59 213.29
B079 2007 10 31 3 4 59 231.63
B900 2007 10 31 3 4 59 245.57
B901 2007 10 31 3 4 59 237.39
B916 2007 10 31 3 4 59 389.43
B917 2007 10 31 3 4 59 461.01
B918 2007 10 31 3 4 59 405.84
B921 2007 10 31 3 4 59 434.27
B933 2007 10 31 3 4 59 353.97
B934 2007 10 31 3 4 59 321.12
B935 2007 10 31 3 4 59 378.33
B019 2007 11 19 20 32 50 487.86
B020 2007 11 19 20 32 50 455.97
B022 2007 11 19 20 32 50 418.04
B023 2007 11 19 20 32 50 479.51
B024 2007 11 19 20 32 50 399.80
B026 2007 11 19 20 32 50 380.60
B027 2007 11 19 20 32 50 404.05
B028 2007 11 19 20 32 50 403.80
B030 2007 11 19 20 32 50 406.38
B031 2007 11 19 20 32 50 352.95
B032 2007 11 19 20 32 50 353.25
B033 2007 11 19 20 32 50 374.29
B035 2007 11 19 20 32 50 367.76
B036 2007 11 19 20 32 50 367.82
B039 2007 11 19 20 32 50 480.03
B040 2007 11 19 20 32 50 467.65
B045 2007 11 19 20 32 50 448.18
B933 2007 11 19 20 32 50 481.16
B935 2007 11 19 20 32 50 469.84
B019 2007 11 19 22 43 3 492.02
B020 2007 11 19 22 43 3 460.49
B022 2007 11 19 22 43 3 423.69
B023 2007 11 19 22 43 3 486.16
B024 2007 11 19 22 43 3 406.65
B026 2007 11 19 22 43 3 388.68
B027 2007 11 19 22 43 3 415.99
B028 2007 11 19 22 43 3 415.75
B030 2007 11 19 22 43 3 420.00
B031 2007 11 19 22 43 3 367.33
B032 2007 11 19 22 43 3 367.62
B033 2007 11 19 22 43 3 389.64
B035 2007 11 19 22 43 3 384.50
B036 2007 11 19 22 43 3 384.56
B039 2007 11 19 22 43 3 497.21
B040 2007 11 19 22 43 3 484.70
B045 2007 11 19 22 43 3 464.57
B933 2007 11 19 22 43 3 497.23
B935 2007 11 19 22 43 3 486.52
B030 2007 12 11 19 17 25 481.69
B031 2007 12 11 19 17 25 424.62
B032 2007 12 11 19 17 25 425.03
B033 2007 12 11 19 17 25 405.63
B035 2007 12 11 19 17 25 328.75
B036 2007 12 11 19 17 25 329.02
B039 2007 12 11 19 17 25 337.09
B040 2007 12 11 19 17 25 356.06
B045 2007 12 11 19 17 25 194.64
B054 2007 12 11 19 17 25 458.05
B057 2007 12 11 19 17 25 421.74
B933 2007 12 11 19 17 25 203.33
B934 2007 12 11 19 17 25 232.81
B935 2007 12 11 19 17 25 230.18
B020 2008 1 10 1 37 24 472.61
B022 2008 1 10 1 37 24 437.65
B024 2008 1 10 1 37 24 422.50
B026 2008 1 10 1 37 24 406.42
B027 2008 1 10 1 37 24 439.18
B028 2008 1 10 1 37 24 438.96
B030 2008 1 10 1 37 24 445.44
B031 2008 1 10 1 37 24 393.74
B032 2008 1 10 1 37 24 394.03
B033 2008 1 10 1 37 24 417.21
B035 2008 1 10 1 37 24 413.49
B036 2008 1 10 1 37 24 413.54
B045 2008 1 10 1 37 24 491.37
B027 2008 1 19 23 13 10 473.03
B028 2008 1 19 23 13 10 472.62
B030 2008 1 19 23 13 10 414.30
B031 2008 1 19 23 13 10 384.83
B032 2008 1 19 23 13 10 385.05
B033 2008 1 19 23 13 10 340.92
B035 2008 1 19 23 13 10 258.41
B036 2008 1 19 23 13 10 258.62
B039 2008 1 19 23 13 10 138.77
B040 2008 1 19 23 13 10 179.10
B045 2008 1 19 23 13 10 114.79
B054 2008 1 19 23 13 10 267.96
B057 2008 1 19 23 13 10 246.33
B058 2008 1 19 23 13 10 393.81
B065 2008 1 19 23 13 10 402.20
B066 2008 1 19 23 13 10 387.34
B067 2008 1 19 23 13 10 397.84
B933 2008 1 19 23 13 10 112.55
B934 2008 1 19 23 13 10 98.17
B935 2008 1 19 23 13 10 82.22
B081 2008 2 9 7 12 9 179.32
B082 2008 2 9 7 12 9 162.77
B084 2008 2 9 7 12 9 154.99
B086 2008 2 9 7 12 9 155.34
B087 2008 2 9 7 12 9 155.42
B088 2008 2 9 7 12 9 148.25
B089 2008 2 9 7 12 9 162.91
B093 2008 2 9 7 12 9 173.79
B916 2008 2 9 7 12 9 454.75
B917 2008 2 9 7 12 9 358.96
B918 2008 2 9 7 12 9 426.89
B921 2008 2 9 7 12 9 387.07
B081 2008 2 11 18 29 35 193.13
B082 2008 2 11 18 29 35 176.56
B084 2008 2 11 18 29 35 168.86
B086 2008 2 11 18 29 35 169.14
B087 2008 2 11 18 29 35 169.10
B088 2008 2 11 18 29 35 161.72
B089 2008 2 11 18 29 35 176.70
B093 2008 2 11 18 29 35 187.45
B916 2008 2 11 18 29 35 468.45
B917 2008 2 11 18 29 35 372.72
B918 2008 2 11 18 29 35 440.64
B921 2008 2 11 18 29 35 400.86
B081 2008 2 12 4 32 41 187.69
B082 2008 2 12 4 32 41 171.12
B084 2008 2 12 4 32 41 163.59
B086 2008 2 12 4 32 41 163.72
B087 2008 2 12 4 32 41 163.54
B088 2008 2 12 4 32 41 156.02
B089 2008 2 12 4 32 41 171.26
B093 2008 2 12 4 32 41 181.85
B916 2008 2 12 4 32 41 463.92
B917 2008 2 12 4 32 41 368.09
B918 2008 2 12 4 32 41 436.03
B921 2008 2 12 4 32 41 396.17
B081 2008 2 19 22 41 31 191.57
B082 2008 2 19 22 41 31 174.97
B084 2008 2 19 22 41 31 167.90
B086 2008 2 19 22 41 31 167.63
B087 2008 2 19 22 41 31 167.03
B088 2008 2 19 22 41 31 158.99
B089 2008 2 19 22 41 31 175.12
B093 2008 2 19 22 41 31 185.24
B916 2008 2 19 22 41 31 469.60
B917 2008 2 19 22 41 31 373.62
B918 2008 2 19 22 41 31 441.60
B921 2008 2 19 22 41 31 401.63
B081 2008 2 20 1 28 57 191.05
B082 2008 2 20 1 28 57 174.51
B084 2008 2 20 1 28 57 167.09
B086 2008 2 20 1 28 57 167.14
B087 2008 2 20 1 28 57 166.86
B088 2008 2 20 1 28 57 159.24
B089 2008 2 20 1 28 57 174.65
B093 2008 2 20 1 28 57 185.11
B916 2008 2 20 1 28 57 467.30
B917 2008 2 20 1 28 57 371.51
B918 2008 2 20 1 28 57 439.40
B921 2008 2 20 1 28 57 399.56
B081 2008 2 22 19 31 20 196.53
B082 2008 2 22 19 31 20 179.97
B084 2008 2 22 19 31 20 172.15
B086 2008 2 22 19 31 20 172.54
B087 2008 2 22 19 31 20 172.61
B088 2008 2 22 19 31 20 165.33
B089 2008 2 22 19 31 20 180.11
B093 2008 2 22 19 31 20 190.97
B916 2008 2 22 19 31 20 471.16
B917 2008 2 22 19 31 20 375.51
B918 2008 2 22 19 31 20 443.40
B921 2008 2 22 19 31 20 403.68
B022 2008 3 15 14 44 38 472.24
B024 2008 3 15 14 44 38 446.69
B026 2008 3 15 14 44 38 419.55
B027 2008 3 15 14 44 38 409.00
B028 2008 3 15 14 44 38 408.66
B030 2008 3 15 14 44 38 392.95
B031 2008 3 15 14 44 38 333.12
B032 2008 3 15 14 44 38 333.52
B033 2008 3 15 14 44 38 339.03
B035 2008 3 15 14 44 38 303.80
B036 2008 3 15 14 44 38 303.95
B039 2008 3 15 14 44 38 392.64
B040 2008 3 15 14 44 38 388.73
B045 2008 3 15 14 44 38 333.39
B933 2008 3 15 14 44 38 363.55
B934 2008 3 15 14 44 38 397.18
B935 2008 3 15 14 44 38 358.51
B022 2008 4 2 5 55 42 486.74
B024 2008 4 2 5 55 42 479.46
B026 2008 4 2 5 55 42 471.27
B031 2008 4 2 5 55 42 493.84
B032 2008 4 2 5 55 42 494.09
B020 2008 4 10 8 4 31 477.27
B022 2008 4 10 8 4 31 446.14
B024 2008 4 10 8 4 31 434.80
B026 2008 4 10 8 4 31 422.65
B027 2008 4 10 8 4 31 466.78
B028 2008 4 10 8 4 31 466.60
B030 2008 4 10 8 4 31 478.45
B031 2008 4 10 8 4 31 429.64
B032 2008 4 10 8 4 31 429.91
B033 2008 4 10 8 4 31 456.39
B035 2008 4 10 8 4 31 458.63
B036 2008 4 10 8 4 31 458.67
B019 2008 4 12 12 5 15 491.53
B020 2008 4 12 12 5 15 459.95
B022 2008 4 12 12 5 15 423.07
B023 2008 4 12 12 5 15 485.57
B024 2008 4 12 12 5 15 405.97
B026 2008 4 12 12 5 15 387.94
B027 2008 4 12 12 5 15 415.18
B028 2008 4 12 12 5 15 414.95
B030 2008 4 12 12 5 15 419.17
B031 2008 4 12 12 5 15 366.41
B032 2008 4 12 12 5 15 366.72
B033 2008 4 12 12 5 15 388.75
B035 2008 4 12 12 5 15 383.63
B036 2008 4 12 12 5 15 383.69
B039 2008 4 12 12 5 15 496.51
B040 2008 4 12 12 5 15 483.96
B045 2008 4 12 12 5 15 464.00
B933 2008 4 12 12 5 15 496.73
B935 2008 4 12 12 5 15 485.94
B022 2008 4 14 5 38 34 481.57
B024 2008 4 14 5 38 34 474.02
B026 2008 4 14 5 38 34 465.59
B031 2008 4 14 5 38 34 487.40
B032 2008 4 14 5 38 34 487.64
B033 2008 4 26 6 40 14 493.38
B035 2008 4 26 6 40 14 437.98
B036 2008 4 26 6 40 14 438.06
B039 2008 4 26 6 40 14 304.07
B040 2008 4 26 6 40 14 329.51
B045 2008 4 26 6 40 14 362.07
B054 2008 4 26 6 40 14 274.42
B057 2008 4 26 6 40 14 286.67
B058 2008 4 26 6 40 14 339.47
B065 2008 4 26 6 40 14 341.27
B066 2008 4 26 6 40 14 334.10
B067 2008 4 26 6 40 14 342.37
B072 2008 4 26 6 40 14 415.39
B073 2008 4 26 6 40 14 403.86
B075 2008 4 26 6 40 14 406.27
B076 2008 4 26 6 40 14 404.13
B078 2008 4 26 6 40 14 414.65
B079 2008 4 26 6 40 14 427.18
B900 2008 4 26 6 40 14 429.74
B901 2008 4 26 6 40 14 429.74
B916 2008 4 26 6 40 14 422.39
B918 2008 4 26 6 40 14 450.44
B921 2008 4 26 6 40 14 490.69
B933 2008 4 26 6 40 14 351.83
B934 2008 4 26 6 40 14 325.77
B935 2008 4 26 6 40 14 328.88
B001 2008 4 27 21 18 4 435.56
B003 2008 4 27 21 18 4 361.71
B004 2008 4 27 21 18 4 337.83
B005 2008 4 27 21 18 4 408.11
B006 2008 4 27 21 18 4 408.31
B007 2008 4 27 21 18 4 408.09
B009 2008 4 27 21 18 4 404.13
B010 2008 4 27 21 18 4 404.11
B011 2008 4 27 21 18 4 404.34
B012 2008 4 27 21 18 4 251.81
B013 2008 4 27 21 18 4 457.17
B014 2008 4 27 21 18 4 402.44
B017 2008 4 27 21 18 4 442.99
B018 2008 4 27 21 18 4 480.45
B019 2008 4 27 21 18 4 455.14
B020 2008 4 27 21 18 4 459.23
B022 2008 4 27 21 18 4 483.04
B926 2008 4 27 21 18 4 354.09
B927 2008 4 27 21 18 4 308.70
B928 2008 4 27 21 18 4 280.79
B943 2008 4 27 21 18 4 457.13
B026 2008 4 30 3 3 8 497.49
B027 2008 4 30 3 3 8 410.94
B028 2008 4 30 3 3 8 410.51
B030 2008 4 30 3 3 8 356.15
B031 2008 4 30 3 3 8 316.05
B032 2008 4 30 3 3 8 316.32
B033 2008 4 30 3 3 8 277.31
B035 2008 4 30 3 3 8 188.65
B036 2008 4 30 3 3 8 188.90
B039 2008 4 30 3 3 8 121.90
B040 2008 4 30 3 3 8 152.22
B045 2008 4 30 3 3 8 60.84
B054 2008 4 30 3 3 8 352.04
B057 2008 4 30 3 3 8 324.60
B058 2008 4 30 3 3 8 480.82
B065 2008 4 30 3 3 8 490.07
B066 2008 4 30 3 3 8 474.47
B067 2008 4 30 3 3 8 484.87
B933 2008 4 30 3 3 8 94.61
B934 2008 4 30 3 3 8 112.97
B935 2008 4 30 3 3 8 48.52
B019 2008 5 4 2 51 14 470.58
B020 2008 5 4 2 51 14 437.33
B022 2008 5 4 2 51 14 393.81
B023 2008 5 4 2 51 14 447.69
B024 2008 5 4 2 51 14 368.88
B026 2008 5 4 2 51 14 342.70
B027 2008 5 4 2 51 14 340.83
B028 2008 5 4 2 51 14 340.52
B030 2008 5 4 2 51 14 332.01
B031 2008 5 4 2 51 14 274.35
B032 2008 5 4 2 51 14 274.71
B033 2008 5 4 2 51 14 288.72
B035 2008 5 4 2 51 14 272.85
B036 2008 5 4 2 51 14 272.93
B039 2008 5 4 2 51 14 383.00
B040 2008 5 4 2 51 14 371.00
B045 2008 5 4 2 51 14 359.26
B203 2008 5 4 2 51 14 491.72
B204 2008 5 4 2 51 14 498.38
B933 2008 5 4 2 51 14 394.64
B934 2008 5 4 2 51 14 427.68
B935 2008 5 4 2 51 14 378.34
B022 2008 5 24 23 23 8 484.70
B024 2008 5 24 23 23 8 476.71
B026 2008 5 24 23 23 8 467.81
B031 2008 5 24 23 23 8 487.07
B032 2008 5 24 23 23 8 487.32
B022 2008 6 2 17 50 25 485.26
B024 2008 6 2 17 50 25 476.84
B026 2008 6 2 17 50 25 467.48
B031 2008 6 2 17 50 25 484.47
B032 2008 6 2 17 50 25 484.72
B022 2008 6 14 6 47 9 478.89
B024 2008 6 14 6 47 9 470.60
B026 2008 6 14 6 47 9 461.42
B031 2008 6 14 6 47 9 479.81
B032 2008 6 14 6 47 9 480.06
B022 2008 6 29 19 33 41 481.53
B024 2008 6 29 19 33 41 473.62
B026 2008 6 29 19 33 41 464.80
B031 2008 6 29 19 33 41 484.77
B032 2008 6 29 19 33 41 485.02
B019 2008 7 12 15 46 2 473.82
B020 2008 7 12 15 46 2 440.75
B022 2008 7 12 15 46 2 398.23
B023 2008 7 12 15 46 2 453.82
B024 2008 7 12 15 46 2 374.58
B026 2008 7 12 15 46 2 349.75
B027 2008 7 12 15 46 2 353.23
B028 2008 7 12 15 46 2 352.93
B030 2008 7 12 15 46 2 346.77
B031 2008 7 12 15 46 2 289.95
B032 2008 7 12 15 46 2 290.28
B033 2008 7 12 15 46 2 305.83
B035 2008 7 12 15 46 2 291.86
B036 2008 7 12 15 46 2 291.94
B039 2008 7 12 15 46 2 402.10
B040 2008 7 12 15 46 2 390.15
B045 2008 7 12 15 46 2 375.87
B203 2008 7 12 15 46 2 499.19
B933 2008 7 12 15 46 2 410.62
B934 2008 7 12 15 46 2 443.78
B935 2008 7 12 15 46 2 395.66
B022 2008 7 17 18 21 42 479.80
B024 2008 7 17 18 21 42 472.38
B026 2008 7 17 18 21 42 464.08
B031 2008 7 17 18 21 42 486.69
B032 2008 7 17 18 21 42 486.93
B022 2008 7 17 22 36 18 481.16
B024 2008 7 17 22 36 18 474.05
B026 2008 7 17 22 36 18 466.07
B031 2008 7 17 22 36 18 490.13
B032 2008 7 17 22 36 18 490.37
B022 2008 7 17 22 43 2 487.31
B024 2008 7 17 22 43 2 480.33
B026 2008 7 17 22 43 2 472.46
B031 2008 7 17 22 43 2 496.39
B032 2008 7 17 22 43 2 496.62
B022 2008 7 17 22 51 57 489.05
B024 2008 7 17 22 51 57 481.94
B026 2008 7 17 22 51 57 473.93
B031 2008 7 17 22 51 57 497.08
B032 2008 7 17 22 51 57 497.31
B020 2008 7 19 1 0 23 499.96
B022 2008 7 19 1 0 23 473.87
B024 2008 7 19 1 0 23 467.06
B026 2008 7 19 1 0 23 459.44
B031 2008 7 19 1 0 23 485.83
B032 2008 7 19 1 0 23 486.06
B058 2008 7 29 18 42 20 465.29
B065 2008 7 29 18 42 20 454.15
B066 2008 7 29 18 42 20 470.35
B067 2008 7 29 18 42 20 461.72
B072 2008 7 29 18 42 20 311.46
B073 2008 7 29 18 42 20 328.50
B075 2008 7 29 18 42 20 330.13
B076 2008 7 29 18 42 20 324.86
B078 2008 7 29 18 42 20 311.96
B079 2008 7 29 18 42 20 293.62
B081 2008 7 29 18 42 20 108.99
B082 2008 7 29 18 42 20 122.67
B084 2008 7 29 18 42 20 134.44
B086 2008 7 29 18 42 20 129.72
B087 2008 7 29 18 42 20 126.01
B088 2008 7 29 18 42 20 130.36
B089 2008 7 29 18 42 20 122.60
B093 2008 7 29 18 42 20 108.39
B900 2008 7 29 18 42 20 277.97
B901 2008 7 29 18 42 20 287.41
B916 2008 7 29 18 42 20 252.07
B917 2008 7 29 18 42 20 171.47
B918 2008 7 29 18 42 20 224.22
B921 2008 7 29 18 42 20 187.84
B001 2008 8 25 22 24 57 449.24
B003 2008 8 25 22 24 57 375.51
B004 2008 8 25 22 24 57 351.56
B005 2008 8 25 22 24 57 421.83
B006 2008 8 25 22 24 57 422.03
B007 2008 8 25 22 24 57 421.81
B009 2008 8 25 22 24 57 417.25
B010 2008 8 25 22 24 57 417.23
B011 2008 8 25 22 24 57 417.46
B012 2008 8 25 22 24 57 264.46
B013 2008 8 25 22 24 57 470.96
B014 2008 8 25 22 24 57 416.41
B017 2008 8 25 22 24 57 456.92
B018 2008 8 25 22 24 57 494.39
B019 2008 8 25 22 24 57 468.94
B020 2008 8 25 22 24 57 472.84
B022 2008 8 25 22 24 57 496.32
B926 2008 8 25 22 24 57 366.99
B927 2008 8 25 22 24 57 320.72
B928 2008 8 25 22 24 57 293.68
B943 2008 8 25 22 24 57 470.92
B001 2008 9 11 23 13 34 446.77
B003 2008 9 11 23 13 34 372.58
B004 2008 9 11 23 13 34 354.41
B005 2008 9 11 23 13 34 419.51
B006 2008 9 11 23 13 34 419.69
B007 2008 9 11 23 13 34 419.43
B009 2008 9 11 23 13 34 436.31
B010 2008 9 11 23 13 34 436.34
B011 2008 9 11 23 13 34 436.55
B012 2008 9 11 23 13 34 306.71
B013 2008 9 11 23 13 34 461.16
B014 2008 9 11 23 13 34 392.99
B017 2008 9 11 23 13 34 417.16
B018 2008 9 11 23 13 34 457.75
B019 2008 9 11 23 13 34 417.77
B020 2008 9 11 23 13 34 412.06
B022 2008 9 11 23 13 34 423.50
B023 2008 9 11 23 13 34 477.68
B024 2008 9 11 23 13 34 444.59
B026 2008 9 11 23 13 34 465.40
B926 2008 9 11 23 13 34 394.84
B927 2008 9 11 23 13 34 369.01
B928 2008 9 11 23 13 34 328.02
B943 2008 9 11 23 13 34 461.13
B001 2008 9 11 23 26 28 447.31
B003 2008 9 11 23 26 28 373.08
B004 2008 9 11 23 26 28 354.85
B005 2008 9 11 23 26 28 420.04
B006 2008 9 11 23 26 28 420.21
B007 2008 9 11 23 26 28 419.95
B009 2008 9 11 23 26 28 436.64
B010 2008 9 11 23 26 28 436.67
B011 2008 9 11 23 26 28 436.88
B012 2008 9 11 23 26 28 306.72
B013 2008 9 11 23 26 28 461.77
B014 2008 9 11 23 26 28 393.68
B017 2008 9 11 23 26 28 418.01
B018 2008 9 11 23 26 28 458.58
B019 2008 9 11 23 26 28 418.71
B020 2008 9 11 23 26 28 413.08
B022 2008 9 11 23 26 28 424.60
B023 2008 9 11 23 26 28 478.71
B024 2008 9 11 23 26 28 445.75
B026 2008 9 11 23 26 28 466.60
B926 2008 9 11 23 26 28 395.06
B927 2008 9 11 23 26 28 369.02
B928 2008 9 11 23 26 28 328.14
B943 2008 9 11 23 26 28 461.73
B027 2008 10 26 9 27 25 486.64
B028 2008 10 26 9 27 25 486.21
B030 2008 10 26 9 27 25 436.53
B031 2008 10 26 9 27 25 388.52
B032 2008 10 26 9 27 25 388.87
B033 2008 10 26 9 27 25 356.15
B035 2008 10 26 9 27 25 267.51
B036 2008 10 26 9 27 25 267.79
B039 2008 10 26 9 27 25 223.92
B040 2008 10 26 9 27 25 253.14
B045 2008 10 26 9 27 25 60.42
B054 2008 10 26 9 27 25 342.15
B057 2008 10 26 9 27 25 308.35
B058 2008 10 26 9 27 25 469.43
B065 2008 10 26 9 27 25 479.87
B066 2008 10 26 9 27 25 463.52
B067 2008 10 26 9 27 25 473.36
B933 2008 10 26 9 27 25 65.75
B934 2008 10 26 9 27 25 96.67
B935 2008 10 26 9 27 25 94.85
B019 2008 11 14 1 48 40 480.53
B020 2008 11 14 1 48 40 448.60
B022 2008 11 14 1 48 40 410.66
B023 2008 11 14 1 48 40 472.23
B024 2008 11 14 1 48 40 392.46
B026 2008 11 14 1 48 40 373.34
B027 2008 11 14 1 48 40 397.56
B028 2008 11 14 1 48 40 397.31
B030 2008 11 14 1 48 40 400.50
B031 2008 11 14 1 48 40 347.37
B032 2008 11 14 1 48 40 347.68
B033 2008 11 14 1 48 40 369.35
B035 2008 11 14 1 48 40 364.28
B036 2008 11 14 1 48 40 364.34
B039 2008 11 14 1 48 40 477.92
B040 2008 11 14 1 48 40 464.95
B045 2008 11 14 1 48 40 448.72
B933 2008 11 14 1 48 40 482.11
B935 2008 11 14 1 48 40 469.92
B031 2008 11 28 13 42 24 475.66
B032 2008 11 28 13 42 24 476.06
B033 2008 11 28 13 42 24 460.63
B035 2008 11 28 13 42 24 387.99
B036 2008 11 28 13 42 24 388.26
B039 2008 11 28 13 42 24 403.21
B040 2008 11 28 13 42 24 421.32
B045 2008 11 28 13 42 24 259.09
B057 2008 11 28 13 42 24 464.22
B933 2008 11 28 13 42 24 263.95
B934 2008 11 28 13 42 24 291.37
B935 2008 11 28 13 42 24 294.98
B072 2008 12 6 4 18 46 376.12
B073 2008 12 6 4 18 46 390.74
B075 2008 12 6 4 18 46 393.93
B076 2008 12 6 4 18 46 386.48
B078 2008 12 6 4 18 46 376.34
B079 2008 12 6 4 18 46 360.62
B081 2008 12 6 4 18 46 128.25
B082 2008 12 6 4 18 46 138.48
B084 2008 12 6 4 18 46 135.83
B086 2008 12 6 4 18 46 142.27
B087 2008 12 6 4 18 46 149.77
B088 2008 12 6 4 18 46 163.21
B089 2008 12 6 4 18 46 138.30
B093 2008 12 6 4 18 46 141.89
B900 2008 12 6 4 18 46 342.06
B901 2008 12 6 4 18 46 354.31
B916 2008 12 6 4 18 46 190.88
B917 2008 12 6 4 18 46 101.37
B918 2008 12 6 4 18 46 165.20
B921 2008 12 6 4 18 46 129.25
B001 2008 12 25 8 11 60 446.02
B003 2008 12 25 8 11 60 372.47
B004 2008 12 25 8 11 60 348.21
B005 2008 12 25 8 11 60 418.65
B006 2008 12 25 8 11 60 418.85
B007 2008 12 25 8 11 60 418.64
B009 2008 12 25 8 11 60 412.63
B010 2008 12 25 8 11 60 412.61
B011 2008 12 25 8 11 60 412.84
B012 2008 12 25 8 11 60 258.68
B013 2008 12 25 8 11 60 468.22
B014 2008 12 25 8 11 60 414.72
B017 2008 12 25 8 11 60 456.31
B018 2008 12 25 8 11 60 493.51
B019 2008 12 25 8 11 60 469.14
B020 2008 12 25 8 11 60 473.75
B022 2008 12 25 8 11 60 498.11
B926 2008 12 25 8 11 60 361.88
B927 2008 12 25 8 11 60 314.34
B928 2008 12 25 8 11 60 288.33
B943 2008 12 25 8 11 60 468.18
B079 2009 3 24 11 55 46 494.92
B081 2009 3 24 11 55 46 108.33
B082 2009 3 24 11 55 46 93.59
B084 2009 3 24 11 55 46 82.25
B086 2009 3 24 11 55 46 86.49
B087 2009 3 24 11 55 46 90.95
B088 2009 3 24 11 55 46 90.63
B089 2009 3 24 11 55 46 93.66
B093 2009 3 24 11 55 46 108.06
B900 2009 3 24 11 55 46 477.61
B901 2009 3 24 11 55 46 488.50
B916 2009 3 24 11 55 46 368.77
B917 2009 3 24 11 55 46 273.60
B918 2009 3 24 11 55 46 341.29
B921 2009 3 24 11 55 46 301.95
B022 2009 4 16 4 18 32 487.00
B024 2009 4 16 4 18 32 478.47
B026 2009 4 16 4 18 32 469.00
B031 2009 4 16 4 18 32 485.18
B032 2009 4 16 4 18 32 485.42
B027 2009 8 7 10 49 39 479.92
B028 2009 8 7 10 49 39 479.49
B030 2009 8 7 10 49 39 429.54
B031 2009 8 7 10 49 39 381.79
B032 2009 8 7 10 49 39 382.14
B033 2009 8 7 10 49 39 349.10
B035 2009 8 7 10 49 39 260.24
B036 2009 8 7 10 49 39 260.53
B039 2009 8 7 10 49 39 216.26
B040 2009 8 7 10 49 39 245.41
B045 2009 8 7 10 49 39 53.11
B054 2009 8 7 10 49 39 343.24
B057 2009 8 7 10 49 39 309.76
B058 2009 8 7 10 49 39 471.02
B065 2009 8 7 10 49 39 481.40
B066 2009 8 7 10 49 39 465.07
B067 2009 8 7 10 49 39 474.98
B933 2009 8 7 10 49 39 62.67
B934 2009 8 7 10 49 39 94.71
B935 2009 8 7 10 49 39 88.00
B020 2009 8 29 10 11 16 473.15
B022 2009 8 29 10 11 16 442.56
B024 2009 8 29 10 11 16 431.77
B026 2009 8 29 10 11 16 420.21
B027 2009 8 29 10 11 16 466.14
B028 2009 8 29 10 11 16 465.96
B030 2009 8 29 10 11 16 478.78
B031 2009 8 29 10 11 16 430.59
B032 2009 8 29 10 11 16 430.85
B033 2009 8 29 10 11 16 458.01
B035 2009 8 29 10 11 16 461.70
B036 2009 8 29 10 11 16 461.74
B019 2009 8 29 10 24 12 499.99
B020 2009 8 29 10 24 12 470.66
B022 2009 8 29 10 24 12 439.74
B024 2009 8 29 10 24 12 428.62
B026 2009 8 29 10 24 12 416.74
B027 2009 8 29 10 24 12 461.79
B028 2009 8 29 10 24 12 461.60
B030 2009 8 29 10 24 12 474.07
B031 2009 8 29 10 24 12 425.76
B032 2009 8 29 10 24 12 426.01
B033 2009 8 29 10 24 12 452.97
B035 2009 8 29 10 24 12 456.44
B036 2009 8 29 10 24 12 456.47
B020 2009 8 29 13 5 54 471.06
B022 2009 8 29 13 5 54 440.94
B024 2009 8 29 13 5 54 430.59
B026 2009 8 29 13 5 54 419.51
B027 2009 8 29 13 5 54 466.74
B028 2009 8 29 13 5 54 466.57
B030 2009 8 29 13 5 54 480.08
B031 2009 8 29 13 5 54 432.39
B032 2009 8 29 13 5 54 432.64
B033 2009 8 29 13 5 54 460.24
B035 2009 8 29 13 5 54 464.92
B036 2009 8 29 13 5 54 464.96
B081 2009 9 19 22 55 22 198.59
B082 2009 9 19 22 55 22 181.99
B084 2009 9 19 22 55 22 174.82
B086 2009 9 19 22 55 22 174.64
B087 2009 9 19 22 55 22 174.11
B088 2009 9 19 22 55 22 166.12
B089 2009 9 19 22 55 22 182.14
B093 2009 9 19 22 55 22 192.33
B916 2009 9 19 22 55 22 476.06
B917 2009 9 19 22 55 22 380.15
B918 2009 9 19 22 55 22 448.12
B921 2009 9 19 22 55 22 408.20
B054 2009 10 1 10 1 28 421.76
B057 2009 10 1 10 1 28 458.42
B058 2009 10 1 10 1 28 338.91
B065 2009 10 1 10 1 28 328.81
B066 2009 10 1 10 1 28 340.75
B067 2009 10 1 10 1 28 337.12
B072 2009 10 1 10 1 28 234.45
B073 2009 10 1 10 1 28 242.50
B075 2009 10 1 10 1 28 246.74
B076 2009 10 1 10 1 28 238.53
B078 2009 10 1 10 1 28 234.26
B079 2009 10 1 10 1 28 226.30
B081 2009 10 1 10 1 28 312.11
B082 2009 10 1 10 1 28 327.51
B084 2009 10 1 10 1 28 330.71
B086 2009 10 1 10 1 28 333.81
B087 2009 10 1 10 1 28 338.00
B088 2009 10 1 10 1 28 350.14
B089 2009 10 1 10 1 28 327.32
B093 2009 10 1 10 1 28 323.04
B900 2009 10 1 10 1 28 210.33
B901 2009 10 1 10 1 28 221.87
B916 2009 10 1 10 1 28 29.58
B917 2009 10 1 10 1 28 121.35
B918 2009 10 1 10 1 28 54.68
B921 2009 10 1 10 1 28 94.23
B054 2009 10 3 1 9 24 420.83
B057 2009 10 3 1 9 24 457.40
B058 2009 10 3 1 9 24 339.27
B065 2009 10 3 1 9 24 329.26
B066 2009 10 3 1 9 24 341.02
B067 2009 10 3 1 9 24 337.53
B072 2009 10 3 1 9 24 236.76
B073 2009 10 3 1 9 24 244.54
B075 2009 10 3 1 9 24 248.79
B076 2009 10 3 1 9 24 240.60
B078 2009 10 3 1 9 24 236.57
B079 2009 10 3 1 9 24 228.92
B081 2009 10 3 1 9 24 316.21
B082 2009 10 3 1 9 24 331.54
B084 2009 10 3 1 9 24 334.64
B086 2009 10 3 1 9 24 337.80
B087 2009 10 3 1 9 24 342.04
B088 2009 10 3 1 9 24 354.20
B089 2009 10 3 1 9 24 331.35
B093 2009 10 3 1 9 24 327.17
B900 2009 10 3 1 9 24 213.15
B901 2009 10 3 1 9 24 224.58
B916 2009 10 3 1 9 24 35.70
B917 2009 10 3 1 9 24 125.80
B918 2009 10 3 1 9 24 60.15
B921 2009 10 3 1 9 24 99.09
B054 2009 10 3 1 16 6 424.96
B057 2009 10 3 1 16 6 461.55
B058 2009 10 3 1 16 6 343.05
B065 2009 10 3 1 16 6 333.01
B066 2009 10 3 1 16 6 344.84
B067 2009 10 3 1 16 6 341.29
B072 2009 10 3 1 16 6 239.48
B073 2009 10 3 1 16 6 247.45
B075 2009 10 3 1 16 6 251.69
B076 2009 10 3 1 16 6 243.49
B078 2009 10 3 1 16 6 239.30
B079 2009 10 3 1 16 6 231.41
B081 2009 10 3 1 16 6 312.85
B082 2009 10 3 1 16 6 328.14
B084 2009 10 3 1 16 6 331.15
B086 2009 10 3 1 16 6 334.38
B087 2009 10 3 1 16 6 338.69
B088 2009 10 3 1 16 6 350.90
B089 2009 10 3 1 16 6 327.96
B093 2009 10 3 1 16 6 323.90
B900 2009 10 3 1 16 6 215.48
B901 2009 10 3 1 16 6 226.99
B916 2009 10 3 1 16 6 31.14
B917 2009 10 3 1 16 6 121.94
B918 2009 10 3 1 16 6 56.12
B921 2009 10 3 1 16 6 95.35
B019 2009 11 4 12 38 29 464.91
B020 2009 11 4 12 38 29 432.11
B022 2009 11 4 12 38 29 390.98
B023 2009 11 4 12 38 29 448.93
B024 2009 11 4 12 38 29 369.16
B026 2009 11 4 12 38 29 346.32
B027 2009 11 4 12 38 29 358.32
B028 2009 11 4 12 38 29 358.04
B030 2009 11 4 12 38 29 356.21
B031 2009 11 4 12 38 29 301.04
B032 2009 11 4 12 38 29 301.36
B033 2009 11 4 12 38 29 320.27
B035 2009 11 4 12 38 29 312.06
B036 2009 11 4 12 38 29 312.12
B039 2009 11 4 12 38 29 425.71
B040 2009 11 4 12 38 29 412.49
B045 2009 11 4 12 38 29 402.37
B203 2009 11 4 12 38 29 496.26
B933 2009 11 4 12 38 29 437.18
B934 2009 11 4 12 38 29 470.37
B935 2009 11 4 12 38 29 421.99
B020 2009 12 15 3 34 5 480.53
B022 2009 12 15 3 34 5 449.37
B024 2009 12 15 3 34 5 437.98
B026 2009 12 15 3 34 5 425.76
B027 2009 12 15 3 34 5 469.58
B028 2009 12 15 3 34 5 469.39
B030 2009 12 15 3 34 5 481.01
B031 2009 12 15 3 34 5 432.03
B032 2009 12 15 3 34 5 432.30
B033 2009 12 15 3 34 5 458.58
B035 2009 12 15 3 34 5 460.30
B036 2009 12 15 3 34 5 460.34
B081 2009 12 30 18 49 1 200.53
B082 2009 12 30 18 49 1 184.03
B084 2009 12 30 18 49 1 175.89
B086 2009 12 30 18 49 1 176.58
B087 2009 12 30 18 49 1 176.93
B088 2009 12 30 18 49 1 170.01
B089 2009 12 30 18 49 1 184.16
B093 2009 12 30 18 49 1 195.32
B916 2009 12 30 18 49 1 473.26
B917 2009 12 30 18 49 1 377.82
B918 2009 12 30 18 49 1 445.62
B921 2009 12 30 18 49 1 406.05
B027 2010 1 10 0 27 47 465.70
B028 2010 1 10 0 27 47 465.27
B030 2010 1 10 0 27 47 417.35
B031 2010 1 10 0 27 47 367.27
B032 2010 1 10 0 27 47 367.63
B033 2010 1 10 0 27 47 337.12
B035 2010 1 10 0 27 47 249.81
B036 2010 1 10 0 27 47 250.10
B039 2010 1 10 0 27 47 222.14
B040 2010 1 10 0 27 47 247.53
B045 2010 1 10 0 27 47 72.21
B054 2010 1 10 0 27 47 372.31
B057 2010 1 10 0 27 47 338.65
B058 2010 1 10 0 27 47 499.89
B066 2010 1 10 0 27 47 493.96
B933 2010 1 10 0 27 47 90.47
B934 2010 1 10 0 27 47 123.28
B935 2010 1 10 0 27 47 106.67
B027 2010 2 4 20 20 24 489.96
B028 2010 2 4 20 20 24 489.53
B030 2010 2 4 20 20 24 442.79
B031 2010 2 4 20 20 24 391.50
B032 2010 2 4 20 20 24 391.87
B033 2010 2 4 20 20 24 362.79
B035 2010 2 4 20 20 24 276.35
B036 2010 2 4 20 20 24 276.64
B039 2010 2 4 20 20 24 250.64
B040 2010 2 4 20 20 24 276.35
B045 2010 2 4 20 20 24 93.98
B054 2010 2 4 20 20 24 373.61
B057 2010 2 4 20 20 24 338.80
B058 2010 2 4 20 20 24 499.45
B066 2010 2 4 20 20 24 493.69
B933 2010 2 4 20 20 24 102.24
B934 2010 2 4 20 20 24 133.14
B935 2010 2 4 20 20 24 129.69
B022 2010 3 13 4 53 41 481.77
B024 2010 3 13 4 53 41 474.31
B026 2010 3 13 4 53 41 465.98
B031 2010 3 13 4 53 41 488.26
B032 2010 3 13 4 53 41 488.50
B081 2010 4 4 22 41 9 198.96
B082 2010 4 4 22 41 9 182.38
B084 2010 4 4 22 41 9 175.83
B086 2010 4 4 22 41 9 175.13
B087 2010 4 4 22 41 9 174.05
B088 2010 4 4 22 41 9 165.44
B089 2010 4 4 22 41 9 182.54
B093 2010 4 4 22 41 9 192.08
B916 2010 4 4 22 41 9 478.75
B917 2010 4 4 22 41 9 382.65
B918 2010 4 4 22 41 9 450.64
B921 2010 4 4 22 41 9 410.56
B081 2010 4 5 11 14 18 137.81
B082 2010 4 5 11 14 18 121.42
B084 2010 4 5 11 14 18 115.04
B086 2010 4 5 11 14 18 114.27
B087 2010 4 5 11 14 18 113.37
B088 2010 4 5 11 14 18 105.50
B089 2010 4 5 11 14 18 121.57
B093 2010 4 5 11 14 18 131.29
B916 2010 4 5 11 14 18 417.94
B917 2010 4 5 11 14 18 321.82
B918 2010 4 5 11 14 18 389.65
B921 2010 4 5 11 14 18 349.44
B081 2010 4 5 13 33 11 140.32
B082 2010 4 5 13 33 11 123.94
B084 2010 4 5 13 33 11 116.48
B086 2010 4 5 13 33 11 116.63
B087 2010 4 5 13 33 11 116.66
B088 2010 4 5 13 33 11 109.87
B089 2010 4 5 13 33 11 124.07
B093 2010 4 5 13 33 11 134.82
B916 2010 4 5 13 33 11 417.19
B917 2010 4 5 13 33 11 321.23
B918 2010 4 5 13 33 11 389.10
B921 2010 4 5 13 33 11 349.08
B081 2010 4 8 16 44 30 211.75
B082 2010 4 8 16 44 30 195.14
B084 2010 4 8 16 44 30 188.24
B086 2010 4 8 16 44 30 187.83
B087 2010 4 8 16 44 30 187.02
B088 2010 4 8 16 44 30 178.67
B089 2010 4 8 16 44 30 195.29
B093 2010 4 8 16 44 30 205.16
B916 2010 4 8 16 44 30 490.05
B917 2010 4 8 16 44 30 394.10
B918 2010 4 8 16 44 30 462.07
B921 2010 4 8 16 44 30 422.12
B081 2010 4 15 10 20 49 240.44
B082 2010 4 15 10 20 49 223.83
B084 2010 4 15 10 20 49 216.97
B086 2010 4 15 10 20 49 216.53
B087 2010 4 15 10 20 49 215.63
B088 2010 4 15 10 20 49 207.08
B089 2010 4 15 10 20 49 223.99
B093 2010 4 15 10 20 49 233.72
B917 2010 4 15 10 20 49 422.56
B918 2010 4 15 10 20 49 490.51
B921 2010 4 15 10 20 49 450.63
B022 2010 5 7 17 46 14 497.33
B024 2010 5 7 17 46 14 490.68
B026 2010 5 7 17 46 14 483.08
B024 2010 5 7 18 41 57 495.79
B026 2010 5 7 18 41 57 488.51
B022 2010 5 7 20 2 19 497.58
B024 2010 5 7 20 2 19 491.02
B026 2010 5 7 20 2 19 483.52
B081 2010 5 8 18 33 12 153.18
B082 2010 5 8 18 33 12 136.78
B084 2010 5 8 18 33 12 131.05
B086 2010 5 8 18 33 12 129.72
B087 2010 5 8 18 33 12 128.13
B088 2010 5 8 18 33 12 119.30
B089 2010 5 8 18 33 12 136.94
B093 2010 5 8 18 33 12 145.86
B916 2010 5 8 18 33 12 435.24
B917 2010 5 8 18 33 12 339.02
B918 2010 5 8 18 33 12 406.87
B921 2010 5 8 18 33 12 366.56
B081 2010 5 8 18 46 28 150.99
B082 2010 5 8 18 46 28 134.59
B084 2010 5 8 18 46 28 129.25
B086 2010 5 8 18 46 28 127.59
B087 2010 5 8 18 46 28 125.67
B088 2010 5 8 18 46 28 116.44
B089 2010 5 8 18 46 28 134.75
B093 2010 5 8 18 46 28 143.31
B916 2010 5 8 18 46 28 434.40
B917 2010 5 8 18 46 28 338.08
B918 2010 5 8 18 46 28 405.94
B921 2010 5 8 18 46 28 365.55
B022 2010 5 13 5 35 14 474.63
B024 2010 5 13 5 35 14 447.54
B026 2010 5 13 5 35 14 418.79
B027 2010 5 13 5 35 14 400.25
B028 2010 5 13 5 35 14 399.89
B030 2010 5 13 5 35 14 380.16
B031 2010 5 13 5 35 14 319.84
B032 2010 5 13 5 35 14 320.24
B033 2010 5 13 5 35 14 322.09
B035 2010 5 13 5 35 14 281.11
B036 2010 5 13 5 35 14 281.27
B039 2010 5 13 5 35 14 365.01
B040 2010 5 13 5 35 14 362.45
B045 2010 5 13 5 35 14 303.77
B933 2010 5 13 5 35 14 334.25
B934 2010 5 13 5 35 14 367.86
B935 2010 5 13 5 35 14 328.78
B081 2010 5 22 17 31 0 151.32
B082 2010 5 22 17 31 0 135.02
B084 2010 5 22 17 31 0 129.89
B086 2010 5 22 17 31 0 128.09
B087 2010 5 22 17 31 0 126.02
B088 2010 5 22 17 31 0 116.67
B089 2010 5 22 17 31 0 135.18
B093 2010 5 22 17 31 0 143.50
B916 2010 5 22 17 31 0 434.74
B917 2010 5 22 17 31 0 338.48
B918 2010 5 22 17 31 0 406.26
B921 2010 5 22 17 31 0 365.87
B081 2010 6 15 4 27 1 135.89
B082 2010 6 15 4 27 1 119.67
B084 2010 6 15 4 27 1 115.34
B086 2010 6 15 4 27 1 112.90
B087 2010 6 15 4 27 1 110.25
B088 2010 6 15 4 27 1 100.34
B089 2010 6 15 4 27 1 119.84
B093 2010 6 15 4 27 1 127.50
B900 2010 6 15 4 27 1 499.69
B916 2010 6 15 4 27 1 421.27
B917 2010 6 15 4 27 1 324.92
B918 2010 6 15 4 27 1 392.64
B921 2010 6 15 4 27 1 352.11
B072 2010 7 7 23 53 38 442.22
B073 2010 7 7 23 53 38 458.99
B075 2010 7 7 23 53 38 461.00
B076 2010 7 7 23 53 38 455.15
B078 2010 7 7 23 53 38 442.67
B079 2010 7 7 23 53 38 424.58
B081 2010 7 7 23 53 38 46.08
B082 2010 7 7 23 53 38 33.86
B084 2010 7 7 23 53 38 34.15
B086 2010 7 7 23 53 38 30.33
B087 2010 7 7 23 53 38 28.29
B088 2010 7 7 23 53 38 27.76
B089 2010 7 7 23 53 38 33.97
B093 2010 7 7 23 53 38 40.13
B900 2010 7 7 23 53 38 407.93
B901 2010 7 7 23 53 38 418.23
B916 2010 7 7 23 53 38 326.80
B917 2010 7 7 23 53 38 231.04
B918 2010 7 7 23 53 38 298.01
B921 2010 7 7 23 53 38 257.49
B014 2010 7 28 16 12 7 455.28
B017 2010 7 28 16 12 7 412.09
B018 2010 7 28 16 12 7 431.87
B019 2010 7 28 16 12 7 375.45
B020 2010 7 28 16 12 7 342.17
B022 2010 7 28 16 12 7 298.59
B023 2010 7 28 16 12 7 353.23
B024 2010 7 28 16 12 7 274.07
B026 2010 7 28 16 12 7 249.00
B027 2010 7 28 16 12 7 260.36
B028 2010 7 28 16 12 7 260.10
B030 2010 7 28 16 12 7 263.50
B031 2010 7 28 16 12 7 212.58
B032 2010 7 28 16 12 7 212.85
B033 2010 7 28 16 12 7 239.80
B035 2010 7 28 16 12 7 254.33
B036 2010 7 28 16 12 7 254.31
B039 2010 7 28 16 12 7 383.59
B040 2010 7 28 16 12 7 362.16
B045 2010 7 28 16 12 7 401.41
B201 2010 7 28 16 12 7 412.62
B202 2010 7 28 16 12 7 415.64
B203 2010 7 28 16 12 7 398.67
B204 2010 7 28 16 12 7 405.88
B933 2010 7 28 16 12 7 440.68
B934 2010 7 28 16 12 7 471.88
B935 2010 7 28 16 12 7 413.13
B941 2010 7 28 16 12 7 469.60
B081 2010 9 14 10 52 22 224.87
B082 2010 9 14 10 52 22 208.29
B084 2010 9 14 10 52 22 201.55
B086 2010 9 14 10 52 22 201.01
B087 2010 9 14 10 52 22 200.03
B088 2010 9 14 10 52 22 191.45
B089 2010 9 14 10 52 22 208.44
B093 2010 9 14 10 52 22 218.08
B917 2010 9 14 10 52 22 407.52
B918 2010 9 14 10 52 22 475.46
B921 2010 9 14 10 52 22 435.51
B081 2010 9 20 0 30 6 232.80
B082 2010 9 20 0 30 6 216.21
B084 2010 9 20 0 30 6 209.22
B086 2010 9 20 0 30 6 208.89
B087 2010 9 20 0 30 6 208.12
B088 2010 9 20 0 30 6 199.74
B089 2010 9 20 0 30 6 216.36
B093 2010 9 20 0 30 6 226.24
B917 2010 9 20 0 30 6 414.40
B918 2010 9 20 0 30 6 482.31
B921 2010 9 20 0 30 6 442.47
B001 2010 10 4 14 51 60 481.98
B003 2010 10 4 14 51 60 409.59
B004 2010 10 4 14 51 60 384.69
B005 2010 10 4 14 51 60 454.94
B006 2010 10 4 14 51 60 455.14
B007 2010 10 4 14 51 60 454.95
B009 2010 10 4 14 51 60 444.45
B010 2010 10 4 14 51 60 444.42
B011 2010 10 4 14 51 60 444.66
B012 2010 10 4 14 51 60 288.69
B014 2010 10 4 14 51 60 454.64
B017 2010 10 4 14 51 60 498.05
B926 2010 10 4 14 51 60 392.54
B927 2010 10 4 14 51 60 340.58
B928 2010 10 4 14 51 60 319.35
B024 2010 10 13 10 50 26 496.10
B026 2010 10 13 10 50 26 467.19
B027 2010 10 13 10 50 26 445.83
B028 2010 10 13 10 50 26 445.47
B030 2010 10 13 10 50 26 423.01
B031 2010 10 13 10 50 26 362.58
B032 2010 10 13 10 50 26 362.97
B033 2010 10 13 10 50 26 361.20
B035 2010 10 13 10 50 26 312.03
B036 2010 10 13 10 50 26 312.23
B039 2010 10 13 10 50 26 381.38
B040 2010 10 13 10 50 26 383.72
B045 2010 10 13 10 50 26 297.87
B933 2010 10 13 10 50 26 323.61
B934 2010 10 13 10 50 26 356.93
B935 2010 10 13 10 50 26 326.57
B019 2010 11 21 23 46 36 481.03
B020 2010 11 21 23 46 36 449.16
B022 2010 11 21 23 46 36 411.30
B023 2010 11 21 23 46 36 472.84
B024 2010 11 21 23 46 36 393.17
B026 2010 11 21 23 46 36 374.12
B027 2010 11 21 23 46 36 398.41
B028 2010 11 21 23 46 36 398.17
B030 2010 11 21 23 46 36 401.38
B031 2010 11 21 23 46 36 348.35
B032 2010 11 21 23 46 36 348.64
B033 2010 11 21 23 46 36 370.29
B035 2010 11 21 23 46 36 365.21
B036 2010 11 21 23 46 36 365.27
B039 2010 11 21 23 46 36 478.66
B040 2010 11 21 23 46 36 465.73
B045 2010 11 21 23 46 36 449.30
B933 2010 11 21 23 46 36 482.63
B935 2010 11 21 23 46 36 470.53
B081 2010 12 11 12 52 31 209.34
B082 2010 12 11 12 52 31 192.76
B084 2010 12 11 12 52 31 185.46
B086 2010 12 11 12 52 31 185.40
B087 2010 12 11 12 52 31 184.96
B088 2010 12 11 12 52 31 177.05
B089 2010 12 11 12 52 31 192.90
B093 2010 12 11 12 52 31 203.18
B916 2010 12 11 12 52 31 485.78
B917 2010 12 11 12 52 31 390.02
B918 2010 12 11 12 52 31 457.92
B921 2010 12 11 12 52 31 418.10
B019 2011 2 8 7 44 35 495.26
B020 2011 2 8 7 44 35 463.95
B022 2011 2 8 7 44 35 427.82
B023 2011 2 8 7 44 35 490.90
B024 2011 2 8 7 44 35 411.51
B026 2011 2 8 7 44 35 394.27
B027 2011 2 8 7 44 35 423.80
B028 2011 2 8 7 44 35 423.57
B030 2011 2 8 7 44 35 428.77
B031 2011 2 8 7 44 35 376.48
B032 2011 2 8 7 44 35 376.77
B033 2011 2 8 7 44 35 399.33
B035 2011 2 8 7 44 35 394.91
B036 2011 2 8 7 44 35 394.97
B040 2011 2 8 7 44 35 495.32
B045 2011 2 8 7 44 35 474.62
B935 2011 2 8 7 44 35 496.77
B019 2011 2 8 22 2 2 478.14
B020 2011 2 8 22 2 2 445.87
B022 2011 2 8 22 2 2 406.70
B023 2011 2 8 22 2 2 466.95
B024 2011 2 8 22 2 2 387.12
B026 2011 2 8 22 2 2 366.57
B027 2011 2 8 22 2 2 385.95
B028 2011 2 8 22 2 2 385.69
B030 2011 2 8 22 2 2 386.73
B031 2011 2 8 22 2 2 332.70
B032 2011 2 8 22 2 2 333.00
B033 2011 2 8 22 2 2 353.33
B035 2011 2 8 22 2 2 346.27
B036 2011 2 8 22 2 2 346.33
B039 2011 2 8 22 2 2 459.05
B040 2011 2 8 22 2 2 446.35
B045 2011 2 8 22 2 2 430.34
B933 2011 2 8 22 2 2 464.00
B934 2011 2 8 22 2 2 497.37
B935 2011 2 8 22 2 2 451.26
B081 2011 2 18 17 47 38 238.23
B082 2011 2 18 17 47 38 221.62
B084 2011 2 18 17 47 38 214.55
B086 2011 2 18 17 47 38 214.29
B087 2011 2 18 17 47 38 213.58
B088 2011 2 18 17 47 38 205.25
B089 2011 2 18 17 47 38 221.77
B093 2011 2 18 17 47 38 231.74
B917 2011 2 18 17 47 38 419.55
B918 2011 2 18 17 47 38 487.48
B921 2011 2 18 17 47 38 447.66
B022 2011 3 6 21 35 48 484.66
B024 2011 3 6 21 35 48 477.94
B026 2011 3 6 21 35 48 470.35
B031 2011 3 6 21 35 48 495.93
B032 2011 3 6 21 35 48 496.17
B022 2011 3 6 22 23 17 482.21
B024 2011 3 6 22 23 17 476.13
B026 2011 3 6 22 23 17 469.22
B031 2011 3 6 22 23 17 498.22
B032 2011 3 6 22 23 17 498.45
B020 2011 3 8 1 26 59 499.30
B022 2011 3 8 1 26 59 473.17
B024 2011 3 8 1 26 59 466.34
B026 2011 3 8 1 26 59 458.69
B031 2011 3 8 1 26 59 485.05
B032 2011 3 8 1 26 59 485.28
B039 2011 4 17 0 45 41 462.94
B040 2011 4 17 0 45 41 488.60
B054 2011 4 17 0 45 41 313.13
B057 2011 4 17 0 45 41 340.88
B058 2011 4 17 0 45 41 313.88
B065 2011 4 17 0 45 41 310.24
B066 2011 4 17 0 45 41 310.86
B067 2011 4 17 0 45 41 315.12
B072 2011 4 17 0 45 41 326.81
B073 2011 4 17 0 45 41 320.66
B075 2011 4 17 0 45 41 324.26
B076 2011 4 17 0 45 41 319.33
B078 2011 4 17 0 45 41 326.15
B079 2011 4 17 0 45 41 333.23
B900 2011 4 17 0 45 41 329.55
B901 2011 4 17 0 45 41 333.67
B916 2011 4 17 0 45 41 269.24
B917 2011 4 17 0 45 41 365.39
B918 2011 4 17 0 45 41 297.99
B921 2011 4 17 0 45 41 338.62
B933 2011 4 17 0 45 41 486.46
B934 2011 4 17 0 45 41 456.37
B935 2011 4 17 0 45 41 473.70
B019 2011 5 22 7 21 36 477.54
B020 2011 5 22 7 21 36 445.23
B022 2011 5 22 7 21 36 405.91
B023 2011 5 22 7 21 36 465.95
B024 2011 5 22 7 21 36 386.15
B026 2011 5 22 7 21 36 365.41
B027 2011 5 22 7 21 36 384.14
B028 2011 5 22 7 21 36 383.87
B030 2011 5 22 7 21 36 384.64
B031 2011 5 22 7 21 36 330.51
B032 2011 5 22 7 21 36 330.81
B033 2011 5 22 7 21 36 350.97
B035 2011 5 22 7 21 36 343.70
B036 2011 5 22 7 21 36 343.76
B039 2011 5 22 7 21 36 456.40
B040 2011 5 22 7 21 36 443.70
B045 2011 5 22 7 21 36 427.88
B933 2011 5 22 7 21 36 461.60
B934 2011 5 22 7 21 36 494.95
B935 2011 5 22 7 21 36 448.74
B024 2011 6 18 10 49 12 488.96
B026 2011 6 18 10 49 12 460.68
B027 2011 6 18 10 49 12 442.96
B028 2011 6 18 10 49 12 442.60
B030 2011 6 18 10 49 12 422.12
B031 2011 6 18 10 49 12 361.66
B032 2011 6 18 10 49 12 362.07
B033 2011 6 18 10 49 12 362.33
B035 2011 6 18 10 49 12 316.54
B036 2011 6 18 10 49 12 316.73
B039 2011 6 18 10 49 12 390.68
B040 2011 6 18 10 49 12 391.66
B045 2011 6 18 10 49 12 311.47
B933 2011 6 18 10 49 12 337.94
B934 2011 6 18 10 49 12 371.39
B935 2011 6 18 10 49 12 339.67
B020 2011 8 5 15 10 2 496.32
B022 2011 8 5 15 10 2 466.94
B024 2011 8 5 15 10 2 457.14
B026 2011 8 5 15 10 2 446.47
B027 2011 8 5 15 10 2 493.92
B028 2011 8 5 15 10 2 493.74
B031 2011 8 5 15 10 2 458.62
B032 2011 8 5 15 10 2 458.87
B033 2011 8 5 15 10 2 485.75
B035 2011 8 5 15 10 2 488.17
B036 2011 8 5 15 10 2 488.21
B045 2011 8 27 7 18 24 498.48
B054 2011 8 27 7 18 24 174.53
B057 2011 8 27 7 18 24 207.46
B058 2011 8 27 7 18 24 49.90
B065 2011 8 27 7 18 24 40.16
B066 2011 8 27 7 18 24 54.86
B067 2011 8 27 7 18 24 46.60
B072 2011 8 27 7 18 24 109.88
B073 2011 8 27 7 18 24 93.11
B075 2011 8 27 7 18 24 91.73
B076 2011 8 27 7 18 24 96.64
B078 2011 8 27 7 18 24 109.36
B079 2011 8 27 7 18 24 127.57
B900 2011 8 27 7 18 24 143.12
B901 2011 8 27 7 18 24 133.62
B916 2011 8 27 7 18 24 320.04
B917 2011 8 27 7 18 24 377.48
B918 2011 8 27 7 18 24 330.70
B921 2011 8 27 7 18 24 352.88
B933 2011 8 27 7 18 24 461.67
B934 2011 8 27 7 18 24 428.94
B935 2011 8 27 7 18 24 485.93
B019 2011 9 1 2 6 22 488.23
B020 2011 9 1 2 6 22 456.33
B022 2011 9 1 2 6 22 418.35
B023 2011 9 1 2 6 22 479.68
B024 2011 9 1 2 6 22 400.03
B026 2011 9 1 2 6 22 380.73
B027 2011 9 1 2 6 22 403.78
B028 2011 9 1 2 6 22 403.53
B030 2011 9 1 2 6 22 405.92
B031 2011 9 1 2 6 22 352.46
B032 2011 9 1 2 6 22 352.75
B033 2011 9 1 2 6 22 373.64
B035 2011 9 1 2 6 22 366.87
B036 2011 9 1 2 6 22 366.93
B039 2011 9 1 2 6 22 478.89
B040 2011 9 1 2 6 22 466.57
B045 2011 9 1 2 6 22 446.89
B933 2011 9 1 2 6 22 479.83
B935 2011 9 1 2 6 22 468.56
B001 2011 9 9 19 41 36 327.58
B003 2011 9 9 19 41 36 261.10
B004 2011 9 9 19 41 36 234.98
B005 2011 9 9 19 41 36 302.19
B006 2011 9 9 19 41 36 302.39
B007 2011 9 9 19 41 36 302.24
B009 2011 9 9 19 41 36 281.48
B010 2011 9 9 19 41 36 281.42
B011 2011 9 9 19 41 36 281.66
B012 2011 9 9 19 41 36 127.20
B013 2011 9 9 19 41 36 353.87
B014 2011 9 9 19 41 36 316.50
B017 2011 9 9 19 41 36 369.10
B018 2011 9 9 19 41 36 400.21
B019 2011 9 9 19 41 36 391.96
B020 2011 9 9 19 41 36 406.10
B022 2011 9 9 19 41 36 441.45
B023 2011 9 9 19 41 36 466.09
B024 2011 9 9 19 41 36 474.42
B201 2011 9 9 19 41 36 493.31
B203 2011 9 9 19 41 36 499.94
B926 2011 9 9 19 41 36 228.65
B927 2011 9 9 19 41 36 173.11
B928 2011 9 9 19 41 36 158.19
B941 2011 9 9 19 41 36 447.13
B943 2011 9 9 19 41 36 353.83
B019 2011 10 13 4 14 1 477.94
B020 2011 10 13 4 14 1 445.58
B022 2011 10 13 4 14 1 406.13
B023 2011 10 13 4 14 1 466.13
B024 2011 10 13 4 14 1 386.24
B026 2011 10 13 4 14 1 365.36
B027 2011 10 13 4 14 1 383.71
B028 2011 10 13 4 14 1 383.45
B030 2011 10 13 4 14 1 384.01
B031 2011 10 13 4 14 1 329.71
B032 2011 10 13 4 14 1 330.02
B033 2011 10 13 4 14 1 350.06
B035 2011 10 13 4 14 1 342.51
B036 2011 10 13 4 14 1 342.57
B039 2011 10 13 4 14 1 455.18
B040 2011 10 13 4 14 1 442.54
B045 2011 10 13 4 14 1 426.49
B933 2011 10 13 4 14 1 460.23
B934 2011 10 13 4 14 1 493.61
B935 2011 10 13 4 14 1 447.37
B033 2011 10 27 6 37 14 467.21
B035 2011 10 27 6 37 14 408.46
B036 2011 10 27 6 37 14 408.56
B039 2011 10 27 6 37 14 273.95
B040 2011 10 27 6 37 14 301.28
B045 2011 10 27 6 37 14 326.41
B054 2011 10 27 6 37 14 258.67
B057 2011 10 27 6 37 14 266.74
B058 2011 10 27 6 37 14 335.81
B065 2011 10 27 6 37 14 338.82
B066 2011 10 27 6 37 14 330.10
B067 2011 10 27 6 37 14 338.98
B072 2011 10 27 6 37 14 424.02
B073 2011 10 27 6 37 14 411.49
B075 2011 10 27 6 37 14 413.56
B076 2011 10 27 6 37 14 412.13
B078 2011 10 27 6 37 14 423.28
B079 2011 10 27 6 37 14 436.85
B900 2011 10 27 6 37 14 440.87
B901 2011 10 27 6 37 14 439.86
B916 2011 10 27 6 37 14 449.12
B918 2011 10 27 6 37 14 476.58
B933 2011 10 27 6 37 14 316.43
B934 2011 10 27 6 37 14 290.87
B935 2011 10 27 6 37 14 293.52
B001 2012 2 4 20 5 32 379.41
B003 2012 2 4 20 5 32 305.78
B004 2012 2 4 20 5 32 281.57
B005 2012 2 4 20 5 32 352.00
B006 2012 2 4 20 5 32 352.20
B007 2012 2 4 20 5 32 351.99
B009 2012 2 4 20 5 32 347.45
B010 2012 2 4 20 5 32 347.44
B011 2012 2 4 20 5 32 347.67
B012 2012 2 4 20 5 32 195.49
B013 2012 2 4 20 5 32 401.51
B014 2012 2 4 20 5 32 348.55
B017 2012 2 4 20 5 32 391.45
B018 2012 2 4 20 5 32 428.08
B019 2012 2 4 20 5 32 405.83
B020 2012 2 4 20 5 32 412.20
B022 2012 2 4 20 5 32 439.10
B023 2012 2 4 20 5 32 477.01
B024 2012 2 4 20 5 32 468.45
B026 2012 2 4 20 5 32 497.51
B926 2012 2 4 20 5 32 297.51
B927 2012 2 4 20 5 32 253.58
B928 2012 2 4 20 5 32 224.16
B941 2012 2 4 20 5 32 482.31
B943 2012 2 4 20 5 32 401.47
B024 2012 2 13 21 7 6 497.11
B026 2012 2 13 21 7 6 460.78
B027 2012 2 13 21 7 6 377.10
B028 2012 2 13 21 7 6 376.67
B030 2012 2 13 21 7 6 323.86
B031 2012 2 13 21 7 6 281.09
B032 2012 2 13 21 7 6 281.38
B033 2012 2 13 21 7 6 244.30
B035 2012 2 13 21 7 6 155.50
B036 2012 2 13 21 7 6 155.77
B039 2012 2 13 21 7 6 118.16
B040 2012 2 13 21 7 6 139.46
B045 2012 2 13 21 7 6 87.16
B054 2012 2 13 21 7 6 391.22
B057 2012 2 13 21 7 6 363.66
B933 2012 2 13 21 7 6 126.31
B934 2012 2 13 21 7 6 148.96
B935 2012 2 13 21 7 6 83.25
B019 2012 2 15 3 31 22 480.50
B020 2012 2 15 3 31 22 448.60
B022 2012 2 15 3 31 22 410.68
B023 2012 2 15 3 31 22 472.21
B024 2012 2 15 3 31 22 392.50
B026 2012 2 15 3 31 22 373.39
B027 2012 2 15 3 31 22 397.60
B028 2012 2 15 3 31 22 397.35
B030 2012 2 15 3 31 22 400.54
B031 2012 2 15 3 31 22 347.46
B032 2012 2 15 3 31 22 347.75
B033 2012 2 15 3 31 22 369.41
B035 2012 2 15 3 31 22 364.35
B036 2012 2 15 3 31 22 364.41
B039 2012 2 15 3 31 22 477.91
B040 2012 2 15 3 31 22 464.95
B045 2012 2 15 3 31 22 448.72
B933 2012 2 15 3 31 22 482.09
B935 2012 2 15 3 31 22 469.91
B001 2012 2 16 6 37 32 379.15
B003 2012 2 16 6 37 32 306.33
B004 2012 2 16 6 37 32 281.61
B005 2012 2 16 6 37 32 351.96
B006 2012 2 16 6 37 32 352.16
B007 2012 2 16 6 37 32 351.96
B009 2012 2 16 6 37 32 344.47
B010 2012 2 16 6 37 32 344.45
B011 2012 2 16 6 37 32 344.68
B012 2012 2 16 6 37 32 190.71
B013 2012 2 16 6 37 32 402.08
B014 2012 2 16 6 37 32 351.43
B017 2012 2 16 6 37 32 396.05
B018 2012 2 16 6 37 32 431.97
B019 2012 2 16 6 37 32 411.75
B020 2012 2 16 6 37 32 419.26
B022 2012 2 16 6 37 32 447.42
B023 2012 2 16 6 37 32 483.59
B024 2012 2 16 6 37 32 477.33
B926 2012 2 16 6 37 32 293.69
B927 2012 2 16 6 37 32 247.10
B928 2012 2 16 6 37 32 220.21
B941 2012 2 16 6 37 32 485.21
B943 2012 2 16 6 37 32 402.03
B019 2012 4 11 22 41 48 493.14
B020 2012 4 11 22 41 48 461.57
B022 2012 4 11 22 41 48 424.62
B023 2012 4 11 22 41 48 486.95
B024 2012 4 11 22 41 48 407.42
B026 2012 4 11 22 41 48 389.27
B027 2012 4 11 22 41 48 415.94
B028 2012 4 11 22 41 48 415.70
B030 2012 4 11 22 41 48 419.61
B031 2012 4 11 22 41 48 366.77
B032 2012 4 11 22 41 48 367.06
B033 2012 4 11 22 41 48 388.82
B035 2012 4 11 22 41 48 383.20
B036 2012 4 11 22 41 48 383.26
B039 2012 4 11 22 41 48 495.58
B040 2012 4 11 22 41 48 483.21
B045 2012 4 11 22 41 48 462.45
B933 2012 4 11 22 41 48 495.06
B935 2012 4 11 22 41 48 484.46
B019 2012 6 19 13 40 58 474.77
B020 2012 6 19 13 40 58 442.59
B022 2012 6 19 13 40 58 403.75
B023 2012 6 19 13 40 58 464.35
B024 2012 6 19 13 40 58 384.55
B026 2012 6 19 13 40 58 364.42
B027 2012 6 19 13 40 58 385.47
B028 2012 6 19 13 40 58 385.21
B030 2012 6 19 13 40 58 387.15
B031 2012 6 19 13 40 58 333.56
B032 2012 6 19 13 40 58 333.86
B033 2012 6 19 13 40 58 354.88
B035 2012 6 19 13 40 58 349.18
B036 2012 6 19 13 40 58 349.24
B039 2012 6 19 13 40 58 462.86
B040 2012 6 19 13 40 58 449.77
B045 2012 6 19 13 40 58 435.48
B933 2012 6 19 13 40 58 469.28
B935 2012 6 19 13 40 58 456.22
B001 2012 6 27 4 22 33 490.98
B003 2012 6 27 4 22 33 418.64
B004 2012 6 27 4 22 33 393.74
B005 2012 6 27 4 22 33 463.96
B006 2012 6 27 4 22 33 464.16
B007 2012 6 27 4 22 33 463.97
B009 2012 6 27 4 22 33 453.34
B010 2012 6 27 4 22 33 453.30
B011 2012 6 27 4 22 33 453.54
B012 2012 6 27 4 22 33 297.59
B014 2012 6 27 4 22 33 463.61
B926 2012 6 27 4 22 33 401.40
B927 2012 6 27 4 22 33 349.20
B928 2012 6 27 4 22 33 328.28
B081 2012 7 1 3 25 21 207.48
B082 2012 7 1 3 25 21 190.96
B084 2012 7 1 3 25 21 184.65
B086 2012 7 1 3 25 21 183.77
B087 2012 7 1 3 25 21 182.48
B088 2012 7 1 3 25 21 173.64
B089 2012 7 1 3 25 21 191.12
B093 2012 7 1 3 25 21 200.37
B916 2012 7 1 3 25 21 487.54
B917 2012 7 1 3 25 21 391.50
B918 2012 7 1 3 25 21 459.41
B921 2012 7 1 3 25 21 419.33
B081 2012 7 1 6 36 8 218.94
B082 2012 7 1 6 36 8 202.34
B084 2012 7 1 6 36 8 195.62
B086 2012 7 1 6 36 8 195.06
B087 2012 7 1 6 36 8 194.07
B088 2012 7 1 6 36 8 185.49
B089 2012 7 1 6 36 8 202.49
B093 2012 7 1 6 36 8 212.14
B916 2012 7 1 6 36 8 497.83
B917 2012 7 1 6 36 8 401.85
B918 2012 7 1 6 36 8 469.83
B921 2012 7 1 6 36 8 429.84
B019 2012 7 6 17 50 26 481.04
B020 2012 7 6 17 50 26 449.37
B022 2012 7 6 17 50 26 412.13
B023 2012 7 6 17 50 26 474.17
B024 2012 7 6 17 50 26 394.65
B026 2012 7 6 17 50 26 376.30
B027 2012 7 6 17 50 26 402.81
B028 2012 7 6 17 50 26 402.57
B030 2012 7 6 17 50 26 406.82
B031 2012 7 6 17 50 26 354.34
B032 2012 7 6 17 50 26 354.62
B033 2012 7 6 17 50 26 376.92
B035 2012 7 6 17 50 26 372.97
B036 2012 7 6 17 50 26 373.02
B039 2012 7 6 17 50 26 486.88
B040 2012 7 6 17 50 26 473.75
B045 2012 7 6 17 50 26 457.82
B933 2012 7 6 17 50 26 491.08
B935 2012 7 6 17 50 26 479.07
B027 2012 7 21 1 52 4 499.50
B028 2012 7 21 1 52 4 499.07
B030 2012 7 21 1 52 4 454.76
B031 2012 7 21 1 52 4 401.34
B032 2012 7 21 1 52 4 401.73
B033 2012 7 21 1 52 4 375.55
B035 2012 7 21 1 52 4 291.49
B036 2012 7 21 1 52 4 291.78
B039 2012 7 21 1 52 4 277.08
B040 2012 7 21 1 52 4 300.67
B045 2012 7 21 1 52 4 124.44
B054 2012 7 21 1 52 4 397.09
B057 2012 7 21 1 52 4 361.59
B933 2012 7 21 1 52 4 132.19
B934 2012 7 21 1 52 4 162.37
B935 2012 7 21 1 52 4 160.29
B027 2012 7 21 6 4 27 495.14
B028 2012 7 21 6 4 27 494.71
B030 2012 7 21 6 4 27 450.04
B031 2012 7 21 6 4 27 396.93
B032 2012 7 21 6 4 27 397.32
B033 2012 7 21 6 4 27 370.72
B035 2012 7 21 6 4 27 286.36
B036 2012 7 21 6 4 27 286.64
B039 2012 7 21 6 4 27 270.90
B040 2012 7 21 6 4 27 294.59
B045 2012 7 21 6 4 27 118.80
B054 2012 7 21 6 4 27 394.43
B057 2012 7 21 6 4 27 359.12
B933 2012 7 21 6 4 27 127.48
B934 2012 7 21 6 4 27 157.98
B935 2012 7 21 6 4 27 154.51
B024 2012 8 8 17 45 40 497.44
B026 2012 8 8 17 45 40 490.81
B024 2012 8 9 4 18 18 495.43
B026 2012 8 9 4 18 18 489.54
B001 2012 8 19 8 7 36 451.08
B003 2012 8 19 8 7 36 377.00
B004 2012 8 19 8 7 36 358.96
B005 2012 8 19 8 7 36 423.87
B006 2012 8 19 8 7 36 424.04
B007 2012 8 19 8 7 36 423.78
B009 2012 8 19 8 7 36 440.97
B010 2012 8 19 8 7 36 441.01
B011 2012 8 19 8 7 36 441.21
B012 2012 8 19 8 7 36 311.74
B013 2012 8 19 8 7 36 465.31
B014 2012 8 19 8 7 36 396.94
B017 2012 8 19 8 7 36 420.64
B018 2012 8 19 8 7 36 461.24
B019 2012 8 19 8 7 36 420.90
B020 2012 8 19 8 7 36 414.87
B022 2012 8 19 8 7 36 425.82
B023 2012 8 19 8 7 36 480.38
B024 2012 8 19 8 7 36 446.61
B026 2012 8 19 8 7 36 467.10
B926 2012 8 19 8 7 36 399.65
B927 2012 8 19 8 7 36 374.01
B928 2012 8 19 8 7 36 332.98
B943 2012 8 19 8 7 36 465.27
B001 2012 8 19 10 4 3 445.23
B003 2012 8 19 10 4 3 370.72
B004 2012 8 19 10 4 3 351.89
B005 2012 8 19 10 4 3 417.84
B006 2012 8 19 10 4 3 418.02
B007 2012 8 19 10 4 3 417.76
B009 2012 8 19 10 4 3 432.68
B010 2012 8 19 10 4 3 432.71
B011 2012 8 19 10 4 3 432.91
B012 2012 8 19 10 4 3 300.24
B013 2012 8 19 10 4 3 460.39
B014 2012 8 19 10 4 3 393.29
B017 2012 8 19 10 4 3 419.26
B018 2012 8 19 10 4 3 459.67
B019 2012 8 19 10 4 3 421.07
B020 2012 8 19 10 4 3 416.39
B022 2012 8 19 10 4 3 429.18
B023 2012 8 19 10 4 3 482.20
B024 2012 8 19 10 4 3 451.04
B026 2012 8 19 10 4 3 472.59
B926 2012 8 19 10 4 3 390.21
B927 2012 8 19 10 4 3 362.44
B928 2012 8 19 10 4 3 322.41
B943 2012 8 19 10 4 3 460.36
B081 2012 8 26 19 32 26 137.14
B082 2012 8 26 19 32 26 120.82
B084 2012 8 26 19 32 26 112.04
B086 2012 8 26 19 32 26 113.35
B087 2012 8 26 19 32 26 114.62
B088 2012 8 26 19 32 26 109.31
B089 2012 8 26 19 32 26 120.95
B093 2012 8 26 19 32 26 133.01
B916 2012 8 26 19 32 26 409.90
B917 2012 8 26 19 32 26 314.12
B918 2012 8 26 19 32 26 382.05
B921 2012 8 26 19 32 26 342.26
B081 2012 8 26 20 58 1 137.20
B082 2012 8 26 20 58 1 120.99
B084 2012 8 26 20 58 1 111.85
B086 2012 8 26 20 58 1 113.51
B087 2012 8 26 20 58 1 115.14
B088 2012 8 26 20 58 1 110.30
B089 2012 8 26 20 58 1 121.11
B093 2012 8 26 20 58 1 133.49
B916 2012 8 26 20 58 1 408.24
B917 2012 8 26 20 58 1 312.59
B918 2012 8 26 20 58 1 380.48
B921 2012 8 26 20 58 1 340.78
B022 2012 9 14 20 24 21 481.96
B024 2012 9 14 20 24 21 473.15
B026 2012 9 14 20 24 21 463.41
B031 2012 9 14 20 24 21 478.74
B032 2012 9 14 20 24 21 478.99
B019 2012 9 26 7 42 41 469.28
B020 2012 9 26 7 42 41 436.06
B022 2012 9 26 7 42 41 392.77
B023 2012 9 26 7 42 41 447.10
B024 2012 9 26 7 42 41 368.15
B026 2012 9 26 7 42 41 342.30
B027 2012 9 26 7 42 41 341.96
B028 2012 9 26 7 42 41 341.66
B030 2012 9 26 7 42 41 333.93
B031 2012 9 26 7 42 41 276.53
B032 2012 9 26 7 42 41 276.88
B033 2012 9 26 7 42 41 291.52
B035 2012 9 26 7 42 41 276.67
B036 2012 9 26 7 42 41 276.75
B039 2012 9 26 7 42 41 387.36
B040 2012 9 26 7 42 41 375.16
B045 2012 9 26 7 42 41 363.90
B203 2012 9 26 7 42 41 491.49
B204 2012 9 26 7 42 41 498.26
B933 2012 9 26 7 42 41 399.24
B934 2012 9 26 7 42 41 432.29
B935 2012 9 26 7 42 41 383.00
B022 2012 10 3 2 13 8 479.09
B024 2012 10 3 2 13 8 471.64
B026 2012 10 3 2 13 8 463.33
B031 2012 10 3 2 13 8 485.89
B032 2012 10 3 2 13 8 486.13
B022 2012 10 3 8 16 40 475.31
B024 2012 10 3 8 16 40 468.55
B026 2012 10 3 8 16 40 460.97
B031 2012 10 3 8 16 40 487.43
B032 2012 10 3 8 16 40 487.67
B054 2012 10 21 6 55 14 211.60
B057 2012 10 21 6 55 14 245.38
B058 2012 10 21 6 55 14 86.10
B065 2012 10 21 6 55 14 75.18
B066 2012 10 21 6 55 14 91.28
B067 2012 10 21 6 55 14 82.54
B072 2012 10 21 6 55 14 70.21
B073 2012 10 21 6 55 14 53.46
B075 2012 10 21 6 55 14 52.17
B076 2012 10 21 6 55 14 56.98
B078 2012 10 21 6 55 14 69.68
B079 2012 10 21 6 55 14 87.93
B081 2012 10 21 6 55 14 474.93
B082 2012 10 21 6 55 14 491.25
B086 2012 10 21 6 55 14 498.77
B087 2012 10 21 6 55 14 497.88
B089 2012 10 21 6 55 14 491.12
B093 2012 10 21 6 55 14 479.44
B900 2012 10 21 6 55 14 103.58
B901 2012 10 21 6 55 14 93.97
B916 2012 10 21 6 55 14 289.80
B917 2012 10 21 6 55 14 342.25
B918 2012 10 21 6 55 14 298.40
B921 2012 10 21 6 55 14 318.42
B933 2012 10 21 6 55 14 499.27
B934 2012 10 21 6 55 14 466.33
B022 2012 10 26 14 18 22 499.30
B024 2012 10 26 14 18 22 473.08
B026 2012 10 26 14 18 22 445.17
B027 2012 10 26 14 18 22 429.64
B028 2012 10 26 14 18 22 429.29
B030 2012 10 26 14 18 22 410.35
B031 2012 10 26 14 18 22 350.15
B032 2012 10 26 14 18 22 350.53
B033 2012 10 26 14 18 22 352.51
B035 2012 10 26 14 18 22 310.28
B036 2012 10 26 14 18 22 310.45
B039 2012 10 26 14 18 22 389.63
B040 2012 10 26 14 18 22 388.85
B045 2012 10 26 14 18 22 317.89
B933 2012 10 26 14 18 22 345.80
B934 2012 10 26 14 18 22 379.31
B935 2012 10 26 14 18 22 344.91
B001 2012 11 8 2 1 51 433.03
B003 2012 11 8 2 1 51 360.15
B004 2012 11 8 2 1 51 335.45
B005 2012 11 8 2 1 51 405.84
B006 2012 11 8 2 1 51 406.04
B007 2012 11 8 2 1 51 405.83
B009 2012 11 8 2 1 51 397.47
B010 2012 11 8 2 1 51 397.44
B011 2012 11 8 2 1 51 397.67
B012 2012 11 8 2 1 51 242.53
B013 2012 11 8 2 1 51 455.95
B014 2012 11 8 2 1 51 404.56
B017 2012 11 8 2 1 51 447.97
B018 2012 11 8 2 1 51 484.48
B019 2012 11 8 2 1 51 462.29
B020 2012 11 8 2 1 51 468.27
B022 2012 11 8 2 1 51 494.31
B926 2012 11 8 2 1 51 346.16
B927 2012 11 8 2 1 51 296.97
B928 2012 11 8 2 1 51 272.65
B943 2012 11 8 2 1 51 455.91
B001 2013 1 7 3 33 23 455.42
B003 2013 1 7 3 33 23 381.80
B004 2013 1 7 3 33 23 357.84
B005 2013 1 7 3 33 23 428.05
B006 2013 1 7 3 33 23 428.24
B007 2013 1 7 3 33 23 428.03
B009 2013 1 7 3 33 23 423.18
B010 2013 1 7 3 33 23 423.15
B011 2013 1 7 3 33 23 423.39
B012 2013 1 7 3 33 23 270.33
B013 2013 1 7 3 33 23 477.18
B014 2013 1 7 3 33 23 422.78
B017 2013 1 7 3 33 23 463.26
B019 2013 1 7 3 33 23 475.24
B020 2013 1 7 3 33 23 479.08
B926 2013 1 7 3 33 23 372.86
B927 2013 1 7 3 33 23 326.22
B928 2013 1 7 3 33 23 299.61
B943 2013 1 7 3 33 23 477.14
B019 2013 1 30 3 14 29 482.56
B020 2013 1 30 3 14 29 450.94
B022 2013 1 30 3 14 29 413.97
B023 2013 1 30 3 14 29 476.44
B024 2013 1 30 3 14 29 396.83
B026 2013 1 30 3 14 29 378.81
B027 2013 1 30 3 14 29 406.54
B028 2013 1 30 3 14 29 406.31
B030 2013 1 30 3 14 29 411.06
B031 2013 1 30 3 14 29 358.65
B032 2013 1 30 3 14 29 358.95
B033 2013 1 30 3 14 29 381.57
B035 2013 1 30 3 14 29 377.96
B036 2013 1 30 3 14 29 378.02
B039 2013 1 30 3 14 29 492.20
B040 2013 1 30 3 14 29 479.03
B045 2013 1 30 3 14 29 462.75
B933 2013 1 30 3 14 29 495.96
B935 2013 1 30 3 14 29 484.13
B054 2013 2 13 0 10 20 366.05
B057 2013 2 13 0 10 20 396.99
B058 2013 2 13 0 10 20 343.08
B065 2013 2 13 0 10 20 337.28
B066 2013 2 13 0 10 20 341.32
B067 2013 2 13 0 10 20 343.49
B072 2013 2 13 0 10 20 321.44
B073 2013 2 13 0 10 20 319.13
B075 2013 2 13 0 10 20 323.20
B076 2013 2 13 0 10 20 316.89
B078 2013 2 13 0 10 20 320.88
B079 2013 2 13 0 10 20 323.93
B081 2013 2 13 0 10 20 496.76
B900 2013 2 13 0 10 20 316.27
B901 2013 2 13 0 10 20 322.94
B916 2013 2 13 0 10 20 210.40
B917 2013 2 13 0 10 20 304.59
B918 2013 2 13 0 10 20 239.28
B921 2013 2 13 0 10 20 279.44
B019 2013 2 27 22 25 43 472.82
B020 2013 2 27 22 25 43 439.66
B022 2013 2 27 22 25 43 396.78
B023 2013 2 27 22 25 43 451.88
B024 2013 2 27 22 25 43 372.71
B026 2013 2 27 22 25 43 347.41
B027 2013 2 27 22 25 43 349.20
B028 2013 2 27 22 25 43 348.90
B030 2013 2 27 22 25 43 341.99
B031 2013 2 27 22 25 43 284.83
B032 2013 2 27 22 25 43 285.18
B033 2013 2 27 22 25 43 300.26
B035 2013 2 27 22 25 43 285.66
B036 2013 2 27 22 25 43 285.73
B039 2013 2 27 22 25 43 395.95
B040 2013 2 27 22 25 43 383.98
B045 2013 2 27 22 25 43 370.43
B203 2013 2 27 22 25 43 496.85
B933 2013 2 27 22 25 43 405.40
B934 2013 2 27 22 25 43 438.55
B935 2013 2 27 22 25 43 390.02
B030 2013 3 30 21 43 21 492.41
B031 2013 3 30 21 43 21 435.00
B032 2013 3 30 21 43 21 435.40
B033 2013 3 30 21 43 21 416.94
B035 2013 3 30 21 43 21 341.10
B036 2013 3 30 21 43 21 341.36
B039 2013 3 30 21 43 21 351.13
B040 2013 3 30 21 43 21 369.86
B045 2013 3 30 21 43 21 208.52
B054 2013 3 30 21 43 21 466.79
B057 2013 3 30 21 43 21 430.34
B933 2013 3 30 21 43 21 216.23
B934 2013 3 30 21 43 21 245.17
B935 2013 3 30 21 43 21 244.08
B027 2013 5 24 3 47 12 498.97
B028 2013 5 24 3 47 12 498.62
B030 2013 5 24 3 47 12 438.96
B031 2013 5 24 3 47 12 428.00
B032 2013 5 24 3 47 12 428.09
B033 2013 5 24 3 47 12 381.18
B035 2013 5 24 3 47 12 319.27
B036 2013 5 24 3 47 12 319.37
B039 2013 5 24 3 47 12 183.93
B040 2013 5 24 3 47 12 212.55
B045 2013 5 24 3 47 12 251.81
B054 2013 5 24 3 47 12 281.55
B057 2013 5 24 3 47 12 277.69
B058 2013 5 24 3 47 12 383.48
B065 2013 5 24 3 47 12 388.66
B066 2013 5 24 3 47 12 377.22
B067 2013 5 24 3 47 12 387.11
B072 2013 5 24 3 47 12 491.72
B073 2013 5 24 3 47 12 477.73
B075 2013 5 24 3 47 12 479.27
B076 2013 5 24 3 47 12 478.93
B078 2013 5 24 3 47 12 490.98
B933 2013 5 24 3 47 12 249.86
B934 2013 5 24 3 47 12 229.99
B935 2013 5 24 3 47 12 216.76
B054 2013 5 29 14 38 7 424.25
B057 2013 5 29 14 38 7 455.95
B058 2013 5 29 14 38 7 294.91
B065 2013 5 29 14 38 7 285.08
B066 2013 5 29 14 38 7 301.05
B067 2013 5 29 14 38 7 290.91
B072 2013 5 29 14 38 7 156.16
B073 2013 5 29 14 38 7 170.91
B075 2013 5 29 14 38 7 169.95
B076 2013 5 29 14 38 7 169.27
B078 2013 5 29 14 38 7 156.89
B079 2013 5 29 14 38 7 141.93
B081 2013 5 29 14 38 7 319.59
B082 2013 5 29 14 38 7 333.63
B084 2013 5 29 14 38 7 345.54
B086 2013 5 29 14 38 7 340.73
B087 2013 5 29 14 38 7 336.60
B088 2013 5 29 14 38 7 339.72
B089 2013 5 29 14 38 7 333.56
B093 2013 5 29 14 38 7 318.99
B900 2013 5 29 14 38 7 138.12
B901 2013 5 29 14 38 7 138.63
B916 2013 5 29 14 38 7 291.19
B917 2013 5 29 14 38 7 276.58
B918 2013 5 29 14 38 7 278.22
B921 2013 5 29 14 38 7 268.74
B017 2013 7 20 17 20 56 499.60
B019 2013 7 20 17 20 56 463.71
B020 2013 7 20 17 20 56 430.64
B022 2013 7 20 17 20 56 388.14
B023 2013 7 20 17 20 56 443.90
B024 2013 7 20 17 20 56 364.59
B026 2013 7 20 17 20 56 339.90
B027 2013 7 20 17 20 56 344.72
B028 2013 7 20 17 20 56 344.42
B030 2013 7 20 17 20 56 339.35
B031 2013 7 20 17 20 56 282.98
B032 2013 7 20 17 20 56 283.31
B033 2013 7 20 17 20 56 300.06
B035 2013 7 20 17 20 56 288.82
B036 2013 7 20 17 20 56 288.89
B039 2013 7 20 17 20 56 401.43
B040 2013 7 20 17 20 56 388.49
B045 2013 7 20 17 20 56 379.54
B203 2013 7 20 17 20 56 489.47
B204 2013 7 20 17 20 56 496.59
B933 2013 7 20 17 20 56 414.84
B934 2013 7 20 17 20 56 447.89
B935 2013 7 20 17 20 56 398.58
B001 2013 8 4 13 22 31 362.04
B003 2013 8 4 13 22 31 297.03
B004 2013 8 4 13 22 31 270.83
B005 2013 8 4 13 22 31 337.14
B006 2013 8 4 13 22 31 337.34
B007 2013 8 4 13 22 31 337.19
B009 2013 8 4 13 22 31 313.00
B010 2013 8 4 13 22 31 312.93
B011 2013 8 4 13 22 31 313.17
B012 2013 8 4 13 22 31 160.40
B013 2013 8 4 13 22 31 388.91
B014 2013 8 4 13 22 31 353.43
B017 2013 8 4 13 22 31 406.46
B018 2013 8 4 13 22 31 437.24
B019 2013 8 4 13 22 31 429.48
B020 2013 8 4 13 22 31 443.57
B022 2013 8 4 13 22 31 478.67
B926 2013 8 4 13 22 31 259.86
B927 2013 8 4 13 22 31 200.64
B928 2013 8 4 13 22 31 191.34
B941 2013 8 4 13 22 31 483.47
B943 2013 8 4 13 22 31 388.86
B020 2013 8 10 5 10 19 473.00
B022 2013 8 10 5 10 19 439.42
B024 2013 8 10 5 10 19 425.66
B026 2013 8 10 5 10 19 411.04
B027 2013 8 10 5 10 19 448.13
B028 2013 8 10 5 10 19 447.92
B030 2013 8 10 5 10 19 456.48
B031 2013 8 10 5 10 19 405.91
B032 2013 8 10 5 10 19 406.17
B033 2013 8 10 5 10 19 430.66
B035 2013 8 10 5 10 19 429.34
B036 2013 8 10 5 10 19 429.39
B027 2013 10 11 23 5 40 437.26
B028 2013 10 11 23 5 40 436.83
B030 2013 10 11 23 5 40 390.69
B031 2013 10 11 23 5 40 338.91
B032 2013 10 11 23 5 40 339.28
B033 2013 10 11 23 5 40 311.02
B035 2013 10 11 23 5 40 225.87
B036 2013 10 11 23 5 40 226.16
B039 2013 10 11 23 5 40 216.34
B040 2013 10 11 23 5 40 236.85
B045 2013 10 11 23 5 40 91.28
B054 2013 10 11 23 5 40 403.92
B057 2013 10 11 23 5 40 370.83
B933 2013 10 11 23 5 40 118.83
B934 2013 10 11 23 5 40 152.00
B935 2013 10 11 23 5 40 121.48
B026 2013 12 1 3 19 40 479.56
B027 2013 12 1 3 19 40 458.97
B028 2013 12 1 3 19 40 458.60
B030 2013 12 1 3 19 40 436.23
B031 2013 12 1 3 19 40 375.72
B032 2013 12 1 3 19 40 376.13
B033 2013 12 1 3 19 40 374.24
B035 2013 12 1 3 19 40 324.32
B036 2013 12 1 3 19 40 324.51
B039 2013 12 1 3 19 40 391.54
B040 2013 12 1 3 19 40 394.71
B045 2013 12 1 3 19 40 303.38
B933 2013 12 1 3 19 40 327.85
B934 2013 12 1 3 19 40 361.06
B935 2013 12 1 3 19 40 332.92
B027 2014 3 10 5 18 22 451.13
B028 2014 3 10 5 18 22 450.70
B030 2014 3 10 5 18 22 406.81
B031 2014 3 10 5 18 22 352.98
B032 2014 3 10 5 18 22 353.38
B033 2014 3 10 5 18 22 327.86
B035 2014 3 10 5 18 22 245.02
B036 2014 3 10 5 18 22 245.31
B039 2014 3 10 5 18 22 243.88
B040 2014 3 10 5 18 22 263.24
B045 2014 3 10 5 18 22 114.24
B054 2014 3 10 5 18 22 418.83
B057 2014 3 10 5 18 22 384.71
B933 2014 3 10 5 18 22 136.85
B934 2014 3 10 5 18 22 170.12
B935 2014 3 10 5 18 22 146.83
B024 2014 3 13 19 11 36 483.24
B026 2014 3 13 19 11 36 455.25
B027 2014 3 13 19 11 36 439.11
B028 2014 3 13 19 11 36 438.76
B030 2014 3 13 19 11 36 419.22
B031 2014 3 13 19 11 36 358.84
B032 2014 3 13 19 11 36 359.25
B033 2014 3 13 19 11 36 360.49
B035 2014 3 13 19 11 36 316.53
B036 2014 3 13 19 11 36 316.71
B039 2014 3 13 19 11 36 393.21
B040 2014 3 13 19 11 36 393.39
B045 2014 3 13 19 11 36 316.96
B933 2014 3 13 19 11 36 343.96
B934 2014 3 13 19 11 36 377.45
B935 2014 3 13 19 11 36 344.74
