eqnum	year	mo	dy	hr	mi	sec	nlat	elon	depkm	Mw
1	2004	1	25	15	12	28.6	49.05	-127.88	12.0	5.4
2	2004	3	17	23	53	13.9	36.03	-121.35	12.0	4.7
3	2004	6	15	22	28	52.4	32.45	-117.92	12.0	5.0
4	2004	7	12	16	45	3.7	44.30	-124.71	20.0	4.9
5	2004	7	15	12	6	54.0	49.48	-127.17	18.7	5.7
6	2004	7	19	8	1	51.5	49.60	-127.19	24.8	6.3
7	2004	9	18	23	2	20.8	38.02	-118.69	12.0	5.4
8	2004	9	18	23	43	44.2	38.02	-118.70	12.0	5.4
9	2004	9	28	17	15	31.2	35.92	-120.54	12.0	6.0
10	2004	9	29	17	10	8.3	36.00	-120.54	12.0	5.1
11	2004	9	29	22	54	56.6	35.41	-118.73	12.0	5.0
12	2004	9	30	18	54	32.4	36.02	-120.57	12.0	4.9
13	2004	11	2	9	30	47.1	49.14	-129.08	17.9	5.1
14	2004	11	2	10	2	16.5	49.17	-129.13	19.0	6.6
15	2004	11	2	14	3	42.2	49.01	-129.38	19.7	5.0
16	2004	11	2	17	23	43.9	49.29	-128.96	16.8	5.2
17	2004	12	22	20	47	27.3	42.40	-127.03	12.0	5.1
18	2005	2	28	12	49	26.1	48.08	-129.24	12.0	5.0
19	2005	2	28	13	50	25.9	48.07	-129.18	12.0	4.9
20	2005	3	1	0	32	26.9	48.13	-129.13	12.0	5.0
21	2005	3	1	21	34	30.0	48.07	-129.25	12.0	5.0
22	2005	3	7	2	34	35.2	42.51	-126.78	16.2	5.3
23	2005	3	7	2	48	21.6	42.49	-126.79	15.9	5.2
24	2005	3	18	7	24	2.4	40.40	-124.86	21.6	4.9
25	2005	4	16	19	18	22.5	35.03	-119.18	12.0	5.1
26	2005	6	12	15	41	50.7	33.63	-116.59	14.0	5.2
27	2005	6	15	2	51	5.4	41.15	-126.42	20.4	7.2
28	2005	6	16	20	53	29.6	34.09	-116.99	12.0	4.9
29	2005	6	17	6	21	45.2	40.64	-126.76	16.2	6.6
30	2005	6	19	9	27	21.0	40.45	-126.71	15.5	4.9
31	2005	8	31	22	50	22.6	32.92	-115.65	12.0	4.8
32	2005	9	2	1	27	23.5	33.23	-115.52	12.0	5.1
33	2005	11	19	12	40	6.3	48.52	-128.88	16.0	5.3
34	2006	1	11	10	2	34.8	43.33	-127.41	17.9	5.5
35	2006	3	22	5	42	2.4	40.76	-126.66	12.9	5.0
36	2006	3	25	3	16	7.0	41.82	-126.30	15.7	5.1
37	2006	3	25	20	14	5.4	41.73	-126.30	16.1	5.0
38	2006	5	12	10	37	32.5	38.80	-122.85	13.6	4.8
39	2006	5	24	4	20	30.0	32.43	-115.28	12.0	5.3
40	2006	5	27	21	50	49.3	43.62	-128.37	16.7	4.9
41	2006	8	31	15	22	19.6	43.81	-128.74	14.2	4.8
42	2006	10	17	20	53	17.9	40.46	-126.29	12.0	4.9
43	2007	1	31	15	24	49.9	42.43	-127.01	16.9	4.8
44	2007	1	31	15	38	35.5	42.60	-126.88	13.8	4.6
45	2007	2	11	15	34	49.3	43.33	-127.73	20.6	5.0
46	2007	2	14	22	12	59.6	43.39	-127.63	12.0	5.2
47	2007	2	26	12	20	0.5	40.63	-124.90	15.9	5.4
48	2007	4	29	0	49	5.9	43.20	-127.21	15.4	4.8
49	2007	5	9	7	50	8.8	40.34	-125.01	19.4	5.4
50	2007	6	25	2	32	28.6	41.08	-124.87	22.5	5.0
51	2007	7	27	1	37	48.3	44.16	-129.85	12.0	5.2
52	2007	7	27	1	45	28.0	44.10	-129.89	17.7	5.3
53	2007	7	27	23	22	50.6	44.25	-129.81	12.0	5.3
54	2007	10	10	0	15	15.4	43.43	-128.03	17.7	5.0
55	2007	10	31	3	4	59.3	37.37	-121.78	13.9	5.6
56	2007	11	19	20	32	49.8	43.35	-127.74	19.0	5.8
57	2007	11	19	22	43	2.9	43.42	-127.93	19.3	5.0
58	2007	12	11	19	17	25.1	40.50	-126.28	21.5	4.9
59	2008	1	10	1	37	23.6	43.51	-128.27	16.8	6.3
60	2008	1	19	23	13	10.1	40.24	-122.69	20.5	4.9
61	2008	2	9	7	12	9.3	32.56	-115.37	12.0	5.1
62	2008	2	11	18	29	35.0	32.46	-115.28	12.0	5.1
63	2008	2	12	4	32	41.1	32.48	-115.34	12.4	5.0
64	2008	2	19	22	41	30.9	32.41	-115.37	12.0	5.1
65	2008	2	20	1	28	57.0	32.45	-115.33	16.6	4.8
66	2008	2	21	14	16	10.0	41.16	-114.85	13.5	6.0
67	2008	2	22	19	31	20.1	32.45	-115.24	12.1	4.9
68	2008	3	15	14	44	38.0	42.35	-127.07	12.9	5.7
69	2008	4	2	5	55	41.7	44.08	-129.52	12.0	5.2
70	2008	4	10	8	4	31.4	43.83	-128.73	12.0	5.3
71	2008	4	12	12	5	15.0	43.42	-127.92	12.3	5.5
72	2008	4	14	5	38	33.7	44.07	-129.44	12.0	5.1
73	2008	4	26	6	40	14.2	39.56	-119.91	15.1	5.0
74	2008	4	27	21	18	3.5	48.66	-128.94	20.8	5.2
75	2008	4	30	3	3	7.8	40.83	-123.62	28.0	5.4
76	2008	5	4	2	51	14.0	42.99	-126.65	12.0	5.1
77	2008	5	24	23	23	7.5	44.01	-129.44	12.3	5.1
78	2008	6	2	17	50	25.3	43.96	-129.41	12.0	5.2
79	2008	6	14	6	47	9.1	44.00	-129.35	13.6	5.2
80	2008	6	29	19	33	41.2	44.03	-129.41	12.0	5.4
81	2008	7	12	15	46	1.9	43.05	-126.87	18.5	5.0
82	2008	7	17	18	21	42.4	44.09	-129.43	17.1	5.0
83	2008	7	17	22	36	18.3	44.12	-129.47	12.0	5.4
84	2008	7	17	22	43	2.3	44.11	-129.55	19.1	5.2
85	2008	7	17	22	51	57.0	44.09	-129.56	14.1	5.7
86	2008	7	19	1	0	23.4	44.18	-129.41	13.5	5.0
87	2008	7	29	18	42	19.5	33.93	-117.84	20.0	5.5
88	2008	8	25	22	24	56.8	48.70	-129.12	23.0	5.1
89	2008	9	11	23	13	33.7	47.45	-129.03	12.0	5.1
90	2008	9	11	23	26	28.0	47.46	-129.04	12.0	5.2
91	2008	10	26	9	27	24.8	40.29	-124.63	22.4	5.0
92	2008	11	14	1	48	40.0	43.40	-127.68	13.7	5.3
93	2008	11	28	13	42	23.5	40.35	-127.04	22.8	5.9
94	2008	12	6	4	18	45.5	34.83	-116.39	12.0	5.1
95	2008	12	25	8	11	59.8	48.78	-129.06	12.0	5.8
96	2009	3	24	11	55	46.2	33.31	-115.66	12.0	5.0
97	2009	4	16	4	18	32.0	43.94	-129.42	20.2	5.0
98	2009	8	7	10	49	39.2	40.34	-124.57	18.5	5.0
99	2009	8	29	10	11	15.5	43.90	-128.74	12.0	5.1
100	2009	8	29	10	24	11.7	43.88	-128.68	18.9	5.0
101	2009	8	29	13	5	54.1	43.95	-128.76	17.0	4.8
102	2009	9	19	22	55	21.6	32.37	-115.31	12.0	5.2
103	2009	10	1	10	1	28.2	36.37	-117.83	14.8	5.1
104	2009	10	3	1	9	23.9	36.41	-117.82	20.7	4.9
105	2009	10	3	1	16	6.3	36.39	-117.78	17.9	5.2
106	2009	11	4	12	38	29.1	43.24	-127.07	12.9	5.3
107	2009	12	15	3	34	5.0	43.81	-128.76	12.0	4.7
108	2009	12	30	18	49	1.0	32.46	-115.17	14.7	5.9
109	2010	1	10	0	27	46.8	40.53	-124.81	19.0	6.5
110	2010	2	4	20	20	24.1	40.37	-125.08	18.5	5.9
111	2010	3	13	4	53	40.9	44.08	-129.45	12.0	5.0
112	2010	4	4	22	41	9.2	32.31	-115.39	12.8	7.2
113	2010	4	5	11	14	18.2	32.76	-115.79	20.9	5.1
114	2010	4	5	13	33	11.4	32.81	-115.68	20.3	5.0
115	2010	4	8	16	44	29.7	32.25	-115.26	12.0	5.4
116	2010	4	15	10	20	48.9	32.04	-115.08	12.0	4.9
117	2010	5	7	17	46	13.8	44.11	-129.69	14.9	5.5
118	2010	5	7	18	41	57.3	44.13	-129.77	12.6	5.1
119	2010	5	7	20	2	18.9	44.12	-129.70	12.6	5.0
120	2010	5	8	18	33	11.9	32.60	-115.76	19.0	5.0
121	2010	5	8	18	46	28.3	32.59	-115.81	15.0	4.9
122	2010	5	13	5	35	13.7	42.20	-126.77	14.7	5.3
123	2010	5	22	17	31	0.2	32.58	-115.83	19.0	5.1
124	2010	6	15	4	27	1.4	32.66	-115.98	13.4	5.8
125	2010	7	7	23	53	37.5	33.41	-116.51	24.1	5.5
126	2010	7	28	16	12	7.3	43.72	-126.03	12.0	5.2
127	2010	9	14	10	52	21.6	32.14	-115.20	14.7	5.0
128	2010	9	20	0	30	6.3	32.11	-115.11	14.9	4.9
129	2010	10	4	14	51	59.8	49.08	-129.48	16.1	5.3
130	2010	10	13	10	50	25.5	41.81	-127.04	20.9	4.8
131	2010	11	21	23	46	36.2	43.40	-127.69	21.0	5.0
132	2010	12	11	12	52	30.9	32.31	-115.22	15.3	4.8
133	2011	2	8	7	44	35.3	43.46	-128.05	15.6	4.8
134	2011	2	8	22	2	1.9	43.31	-127.48	18.3	5.4
135	2011	2	18	17	47	38.1	32.08	-115.06	12.0	5.2
136	2011	3	6	21	35	47.7	44.15	-129.54	12.0	5.0
137	2011	3	6	22	23	17.2	44.23	-129.56	12.9	5.0
138	2011	3	8	1	26	59.4	44.18	-129.40	12.0	5.1
139	2011	4	17	0	45	40.8	38.47	-118.71	12.9	4.8
140	2011	5	22	7	21	36.0	43.30	-127.45	19.9	4.9
141	2011	6	18	10	49	12.2	41.93	-127.14	12.0	5.2
142	2011	8	5	15	10	2.2	43.89	-129.09	17.4	4.8
143	2011	8	27	7	18	24.1	36.51	-121.21	19.0	4.8
144	2011	9	1	2	6	21.7	43.34	-127.73	23.9	4.8
145	2011	9	9	19	41	36.5	49.27	-127.17	25.1	6.5
146	2011	10	13	4	14	0.6	43.29	-127.44	13.7	5.6
147	2011	10	27	6	37	13.5	39.65	-120.32	32.7	4.9
148	2012	2	4	20	5	32.3	48.66	-128.17	12.0	5.6
149	2012	2	13	21	7	6.2	41.16	-123.79	29.3	5.6
150	2012	2	15	3	31	22.3	43.40	-127.68	17.9	5.9
151	2012	2	16	6	37	32.3	48.80	-128.13	14.3	4.9
152	2012	4	11	22	41	48.5	43.40	-127.92	19.6	6.0
153	2012	6	19	13	40	58.4	43.36	-127.50	18.5	5.3
154	2012	6	27	4	22	33.1	49.10	-129.60	18.8	5.1
155	2012	7	1	3	25	21.1	32.23	-115.37	18.4	4.8
156	2012	7	1	6	36	7.9	32.18	-115.24	12.0	4.8
157	2012	7	6	17	50	26.4	43.45	-127.77	24.4	4.8
158	2012	7	21	1	52	4.1	40.39	-125.45	16.7	5.2
159	2012	7	21	6	4	27.0	40.41	-125.38	19.0	5.4
160	2012	8	8	17	45	40.1	44.20	-129.83	12.0	5.3
161	2012	8	9	4	18	17.5	44.29	-129.85	18.2	4.8
162	2012	8	19	8	7	36.0	47.42	-129.08	15.0	5.6
163	2012	8	19	10	4	2.8	47.57	-129.04	14.7	5.0
164	2012	8	26	19	32	25.7	32.92	-115.59	12.0	5.4
165	2012	8	26	20	58	1.3	32.95	-115.56	12.0	5.5
166	2012	9	14	20	24	20.6	43.93	-129.34	19.3	4.9
167	2012	9	26	7	42	41.4	43.02	-126.69	12.4	4.8
168	2012	10	3	2	13	8.5	44.09	-129.42	17.9	4.9
169	2012	10	3	8	16	39.9	44.18	-129.43	12.0	5.0
170	2012	10	21	6	55	13.8	36.27	-120.89	12.0	5.4
171	2012	10	26	14	18	22.1	42.08	-127.10	21.1	4.7
172	2012	11	8	2	1	50.8	48.90	-128.85	12.0	6.2
173	2013	1	7	3	33	22.8	48.72	-129.20	27.2	4.8
174	2013	1	30	3	14	28.6	43.47	-127.83	12.0	5.4
175	2013	2	13	0	10	20.0	38.06	-118.04	16.2	5.3
176	2013	2	27	22	25	43.2	43.03	-126.80	12.0	5.2
177	2013	3	30	21	43	20.7	40.47	-126.44	26.2	4.9
178	2013	5	24	3	47	12.5	40.23	-121.05	20.0	5.7
179	2013	5	29	14	38	6.9	34.45	-120.06	17.0	4.9
180	2013	7	20	17	20	56.5	43.13	-126.81	16.2	4.8
181	2013	8	4	13	22	31.1	49.52	-127.52	26.2	5.5
182	2013	8	10	5	10	18.8	43.63	-128.43	19.6	4.8
183	2013	10	11	23	5	39.6	40.83	-124.91	21.7	5.2
184	2013	12	1	3	19	40.0	41.74	-127.17	14.4	5.5
185	2014	3	10	5	18	21.7	40.80	-125.25	13.9	6.9
186	2014	3	13	19	11	36.4	42.00	-127.16	12.3	5.5
